274
	274/2019-05-29 17.44.41.jpg	1	[0, 0, 1, 1]
	274/2019-05-29 17.44.40.jpg	0	[0, 0, 1, 1]
	274/2019-05-29 17.44.42.jpg	0	[0, 0, 0, 0]
129
	129/img-2011-07-30-1329-2.JPG	0	[0, 0, 1, 1]
	129/img-2011-07-30-1329-1.JPG	1	[0, 0, 1, 1]
303
	303/IMG_6127.JPG	1	[0, 0, 1, 1]
	303/IMG_6123.JPG	0	[0, 1, 1, 1]
137
	137/img-2011-09-18-1513-1.JPG	0	[0, 1, 1, 1]
	137/img-2011-09-18-1513.JPG	1	[0, 0, 0, 0]
344
	344/IMG_20190501_200320.jpg	0	[0, 0, 1, 1]
	344/IMG_20190501_200326.jpg	0	[0, 1, 1, 1]
	344/IMG_20190501_200323.jpg	0	[0, 1, 1, 1]
	344/IMG_20190501_200322_1.jpg	1	[0, 1, 1, 1]
	344/IMG_20190501_200324.jpg	0	[1, 1, 1, 1]
131
	131/img-2011-08-17-1150.JPG	1	[0, 0, 1, 1]
	131/img-2011-08-17-1149-1.JPG	0	[0, 0, 0, 0]
	131/img-2011-08-17-1149.JPG	0	[0, 0, 0, 0]
109
	109/img-2011-07-04-1516-1.JPG	1	[0, 0, 0, 1]
	109/img-2011-07-04-1516-2.JPG	0	[0, 0, 0, 1]
	109/img-2011-07-04-1516-3.JPG	0	[0, 0, 0, 1]
	109/img-2011-07-04-1516-4.JPG	1	[0, 0, 0, 1]
	109/img-2011-07-04-1516.JPG	0	[0, 0, 0, 1]
	109/img-2011-07-04-1516-5.JPG	0	[0, 0, 1, 1]
220
	220/2017-01-28 20.17.07.jpg	0	[0, 0, 0, 1]
	220/2017-01-28 20.17.01.jpg	0	[0, 0, 1, 1]
	220/2017-01-28 20.17.02.jpg	0	[0, 1, 1, 1]
	220/2017-01-28 20.16.57.jpg	0	[0, 1, 1, 1]
	220/2017-01-28 20.16.55.jpg	0	[0, 0, 0, 0]
	220/2017-01-28 20.16.58.jpg	1	[0, 0, 0, 0]
	220/2017-01-28 20.17.17.jpg	0	[0, 0, 0, 0]
	220/2017-01-28 20.17.18.jpg	0	[0, 0, 0, 0]
	220/2017-01-28 20.17.32.jpg	0	[0, 0, 0, 0]
145
	145/img-2011-10-20-1237-3.JPG	0	[0, 0, 0, 1]
	145/img-2011-10-20-1237-1.JPG	0	[0, 0, 0, 0]
	145/img-2011-10-20-1237-2.JPG	1	[0, 0, 0, 0]
	145/img-2011-10-20-1237.JPG	0	[0, 0, 0, 0]
104
	104/img-2011-07-01-1224-3.JPG	1	[0, 0, 1, 1]
	104/img-2011-07-01-1224-2.JPG	0	[0, 1, 1, 1]
	104/img-2011-07-01-1224-1.JPG	0	[0, 0, 0, 0]
377
	377/IMG_5614.JPG	1	[0, 0, 0, 1]
	377/IMG_5615.JPG	0	[0, 1, 1, 1]
336
	336/IMG_6892.JPG	1	[0, 0, 1, 1]
	336/IMG_6893.JPG	0	[0, 1, 1, 1]
354
	354/IMG_0015.JPG	1	[0, 0, 0, 1]
	354/IMG_0017.JPG	0	[0, 0, 0, 1]
159
	159/img-2011-10-27-0444.JPG	1	[0, 0, 0, 1]
	159/img-2011-10-27-0444-1.JPG	0	[0, 0, 0, 0]
	159/img-2011-10-27-0444-2.JPG	0	[0, 0, 0, 0]
222
	222/2017-01-31 20.11.49.jpg	1	[0, 0, 0, 1]
	222/2017-01-31 20.11.51.jpg	1	[0, 0, 0, 1]
	222/2017-01-31 20.11.51_1.jpg	0	[0, 0, 0, 1]
225
	225/2017-02-11 20.46.13.jpg	0	[0, 0, 1, 1]
	225/2017-02-11 20.46.12.jpg	1	[0, 0, 1, 1]
	225/2017-02-11 20.45.36.jpg	0	[0, 0, 1, 1]
	225/2017-02-11 20.45.48_1.jpg	0	[0, 1, 1, 1]
	225/2017-02-11 20.45.48.jpg	1	[0, 1, 1, 1]
254
	254/2018-05-28 08.47.20.jpg	1	[0, 0, 0, 1]
	254/2018-05-28 08.47.18.jpg	0	[0, 0, 0, 0]
333
	333/IMG_6833.JPG	0	[0, 0, 0, 1]
	333/IMG_6837.JPG	1	[0, 0, 1, 1]
	333/IMG_6836.JPG	0	[0, 1, 1, 1]
	333/IMG_6835.JPG	0	[0, 1, 1, 1]
	333/IMG_6834.JPG	0	[0, 1, 1, 1]
339
	339/IMG_6950.JPG	1	[0, 0, 0, 0]
	339/IMG_6951.JPG	0	[0, 0, 0, 0]
367
	367/IMG_7822.JPG	1	[0, 0, 0, 1]
	367/IMG_7821.JPG	0	[0, 0, 1, 1]
	367/IMG_7823.JPG	0	[0, 1, 1, 1]
371
	371/IMG_7982.JPG	0	[0, 0, 0, 1]
	371/IMG_7980.JPG	1	[0, 0, 1, 1]
	371/IMG_7981.JPG	0	[0, 0, 0, 0]
175
	175/img-2011-11-06-1240.JPG	0	[0, 0, 1, 1]
	175/img-2011-11-06-1240-3.JPG	1	[0, 0, 1, 1]
	175/img-2011-11-06-1240-2.JPG	0	[0, 0, 1, 1]
	175/img-2011-11-06-1240-1.JPG	0	[0, 1, 1, 1]
335
	335/IMG_6865.JPG	0	[0, 0, 0, 1]
	335/IMG_6864.JPG	0	[0, 0, 1, 1]
	335/IMG_6863.JPG	1	[0, 0, 1, 1]
	335/IMG_6862.JPG	1	[0, 0, 1, 1]
	335/IMG_6861.JPG	0	[0, 0, 1, 1]
268
	268/2019-05-13 10.38.24_80.jpg	1	[0, 0, 1, 1]
	268/2019-05-13 10.38.24_79.jpg	0	[0, 0, 1, 1]
	268/2019-05-13 10.38.24_78.jpg	0	[0, 0, 1, 1]
	268/2019-05-13 10.38.24_77.jpg	0	[0, 0, 1, 1]
350
	350/IMG_4912.JPG	0	[0, 0, 0, 0]
	350/IMG_4913.JPG	1	[0, 0, 0, 0]
320
	320/IMG_6558.JPG	1	[0, 0, 0, 0]
	320/IMG_6559.JPG	0	[0, 0, 0, 0]
242
	242/IMG_1393.JPG	1	[0, 0, 1, 1]
	242/IMG_1394.JPG	0	[1, 1, 1, 1]
258
	258/2019-01-02 21.02.56.jpg	1	[0, 0, 0, 1]
	258/2019-01-02 21.03.07.jpg	0	[0, 0, 1, 1]
	258/2019-01-02 21.03.02.jpg	0	[0, 0, 1, 1]
	258/2019-01-02 21.03.00.jpg	0	[0, 1, 1, 1]
	258/2019-01-02 21.02.52.jpg	0	[0, 1, 1, 1]
319
	319/IMG_6551.JPG	1	[0, 0, 0, 1]
	319/IMG_6552.JPG	0	[0, 0, 1, 1]
	319/IMG_6550.JPG	0	[0, 0, 0, 0]
234
	234/302_Good.jpg	1	[0, 0, 1, 1]
	234/303_Bad.jpg	0	[0, 1, 1, 1]
	234/301_Bad.jpg	0	[0, 1, 1, 1]
201
	201/2016-09-19 17.35.28.jpg	1	[0, 0, 0, 0]
	201/2016-09-19 17.35.29.jpg	0	[0, 0, 0, 0]
166
	166/img-2011-11-13-0807-1.JPG	0	[0, 0, 0, 0]
	166/img-2011-11-26-2031.JPG	1	[0, 0, 0, 0]
385
	385/IMG_8611.JPG	1	[0, 0, 1, 1]
	385/IMG_8610.JPG	0	[0, 0, 1, 1]
	385/IMG_8609.JPG	0	[0, 1, 1, 1]
	385/IMG_8607.JPG	0	[0, 1, 1, 1]
266
	266/2019-05-13 10.38.24_54.jpg	1	[0, 0, 0, 1]
	266/2019-05-13 10.38.24_55.jpg	0	[0, 0, 0, 1]
	266/2019-05-13 10.38.24_56.jpg	0	[0, 0, 0, 1]
214
	214/2016-12-31 20.25.48.jpg	0	[0, 0, 0, 1]
	214/2016-12-31 20.25.58.jpg	1	[0, 0, 0, 1]
	214/2016-12-31 20.26.09.jpg	0	[0, 0, 1, 1]
	214/2016-12-31 20.26.06.jpg	0	[0, 0, 1, 1]
	214/2016-12-31 20.25.57.jpg	1	[0, 0, 1, 1]
	214/2016-12-31 20.25.55.jpg	1	[0, 0, 1, 1]
	214/2016-12-31 20.26.10.jpg	0	[0, 1, 1, 1]
365
	365/IMG_7703.JPG	0	[0, 1, 1, 1]
	365/IMG_7704.JPG	1	[0, 0, 0, 0]
	365/IMG_7705.JPG	0	[0, 0, 0, 0]
173
	173/img-2011-11-06-1237-1.JPG	1	[0, 0, 1, 1]
	173/img-2011-11-06-1237.JPG	0	[0, 0, 0, 0]
102
	102/img-2011-07-01-1103-7.JPG	0	[0, 0, 1, 1]
	102/img-2011-07-01-1103-6.JPG	1	[0, 0, 1, 1]
326
	326/IMG_6670.JPG	0	[0, 0, 1, 1]
	326/IMG_6671.JPG	1	[0, 0, 0, 0]
224
	224/2017-02-11 20.39.26.jpg	1	[0, 0, 1, 1]
	224/2017-02-11 20.39.22.jpg	1	[0, 0, 1, 1]
	224/2017-02-11 20.39.21.jpg	0	[0, 0, 1, 1]
229
	229/2017-05-13 19.46.10.jpg	1	[0, 0, 0, 1]
	229/2017-05-13 19.46.11.jpg	0	[0, 1, 1, 1]
	229/2017-05-13 19.46.09.jpg	0	[0, 1, 1, 1]
176
	176/img-2011-11-07-0127-4.JPG	1	[0, 0, 1, 1]
	176/img-2011-11-07-0127-1.JPG	1	[0, 0, 1, 1]
	176/img-2011-11-07-0127-2.JPG	1	[0, 0, 0, 0]
	176/img-2011-11-07-0127-3.JPG	0	[0, 0, 0, 0]
	176/img-2011-11-07-0127.JPG	0	[0, 0, 0, 0]
252
	252/2017-12-24 19.21.11.jpg	1	[0, 0, 0, 1]
	252/2017-12-24 19.21.14.jpg	0	[0, 0, 1, 1]
	252/2017-12-24 19.20.56.jpg	0	[0, 0, 1, 1]
180
	180/img-2011-11-11-1711.jpg	1	[0, 0, 1, 1]
	180/img-2011-11-11-1710.jpg	1	[0, 0, 1, 1]
	180/img-2011-11-11-1710-1.jpg	0	[0, 1, 1, 1]
223
	223/2017-02-04 13.28.59.jpg	1	[0, 0, 0, 1]
	223/2017-02-04 13.28.54.jpg	0	[0, 0, 1, 1]
	223/2017-02-04 13.28.52.jpg	0	[1, 1, 1, 1]
346
	346/IMG_4842.JPG	1	[0, 0, 0, 1]
	346/IMG_4841.JPG	0	[0, 0, 1, 1]
255
	255/2017-08-27 15.18.03.jpg	0	[0, 0, 1, 1]
	255/2017-08-27 15.18.01.jpg	0	[0, 0, 1, 1]
	255/2017-08-27 15.17.53.jpg	1	[0, 0, 1, 1]
	255/2017-08-27 15.17.59.jpg	0	[0, 1, 1, 1]
300
	300/IMG_6060.JPG	0	[0, 0, 0, 0]
	300/IMG_6062.JPG	1	[0, 0, 0, 0]
262
	262/2019-01-20 15.36.08.jpg	1	[0, 0, 1, 1]
	262/2019-01-20 15.36.07.jpg	0	[0, 1, 1, 1]
313
	313/IMG_6401.JPG	1	[0, 0, 0, 1]
	313/IMG_6397.JPG	1	[0, 0, 0, 0]
	313/IMG_6399.JPG	0	[0, 0, 0, 0]
272
	272/2019-05-26 17.30.10.jpg	0	[0, 0, 0, 1]
	272/2019-05-26 17.30.11_1.jpg	0	[0, 0, 0, 1]
	272/2019-05-26 17.30.13.jpg	1	[0, 0, 0, 1]
	272/2019-05-26 17.30.15.jpg	0	[0, 0, 0, 1]
	272/2019-05-26 17.30.14.jpg	0	[0, 0, 1, 1]
	272/2019-05-26 17.30.11.jpg	0	[0, 0, 1, 1]
	272/2019-05-26 17.30.06.jpg	0	[0, 0, 1, 1]
248
	248/2017-07-30 09.13.13.jpg	1	[0, 1, 1, 1]
	248/2017-07-30 09.13.09_1.jpg	0	[0, 1, 1, 1]
	248/2017-07-30 09.13.09.jpg	0	[0, 1, 1, 1]
264
	264/2019-05-13 10.38.24_14.jpg	0	[0, 0, 0, 1]
	264/2019-05-13 10.38.24_15.jpg	1	[0, 0, 1, 1]
	264/2019-05-13 10.38.24_13.jpg	0	[0, 0, 1, 1]
	264/2019-05-13 10.38.24_12.jpg	0	[0, 0, 1, 1]
108
	108/img-2011-07-04-1406-2.JPG	1	[0, 0, 1, 1]
	108/img-2011-07-04-1406-1.JPG	0	[0, 0, 1, 1]
	108/img-2011-07-04-1406.JPG	0	[0, 1, 1, 1]
169
	169/img-2011-11-06-1205-1.JPG	0	[0, 0, 0, 1]
	169/img-2011-11-06-1205.JPG	0	[0, 1, 1, 1]
	169/img-2011-11-06-1205-5.JPG	1	[0, 1, 1, 1]
	169/img-2011-11-06-1205-4.JPG	0	[0, 1, 1, 1]
	169/img-2011-11-06-1205-3.JPG	0	[0, 1, 1, 1]
	169/img-2011-11-06-1205-2.JPG	1	[0, 1, 1, 1]
178
	178/img-2011-11-08-1241-5.jpg	0	[0, 0, 0, 1]
	178/img-2011-11-08-1241-6.jpg	1	[0, 1, 1, 1]
256
	256/2018-02-22 11.15.42.jpg	0	[0, 0, 0, 1]
	256/2018-02-22 11.15.45.jpg	0	[0, 0, 0, 1]
	256/2018-02-22 11.15.44.jpg	1	[0, 0, 1, 1]
312
	312/IMG_6392.JPG	0	[0, 0, 1, 1]
	312/IMG_6391.JPG	1	[0, 1, 1, 1]
247
	247/2017-07-21 18.48.54.jpg	0	[0, 0, 0, 1]
	247/2017-07-21 18.48.56.jpg	1	[0, 0, 0, 0]
135
	135/img-2011-08-26-1040-1.JPG	0	[0, 0, 0, 1]
	135/img-2011-08-26-1040.JPG	1	[0, 0, 1, 1]
270
	270/2019-05-14 18.29.46.jpg	1	[0, 0, 0, 1]
	270/2019-05-14 18.28.43.jpg	0	[0, 0, 0, 0]
	270/2019-05-14 18.28.59.jpg	1	[0, 0, 0, 0]
311
	311/IMG_6384.JPG	1	[0, 0, 1, 1]
	311/IMG_6383.JPG	0	[0, 0, 1, 1]
325
	325/IMG_6655.JPG	0	[0, 0, 0, 1]
	325/IMG_6657.JPG	0	[0, 1, 1, 1]
	325/IMG_6656.JPG	1	[0, 0, 0, 0]
130
	130/img-2011-08-16-1427.JPG	1	[0, 0, 1, 1]
	130/img-2011-08-16-1426.JPG	0	[0, 0, 0, 0]
	130/img-2011-08-16-1427-1.JPG	0	[0, 0, 0, 0]
	130/img-2011-08-16-1427-2.JPG	0	[0, 0, 0, 0]
	130/img-2011-08-16-1427-3.JPG	0	[0, 0, 0, 0]
146
	146/img-2011-10-20-1238.JPG	0	[0, 0, 1, 1]
	146/img-2011-10-20-1238-1.JPG	1	[0, 0, 1, 1]
383
	383/IMG_8087.JPG	1	[0, 0, 1, 1]
	383/IMG_8088.JPG	0	[0, 1, 1, 1]
105
	105/img-2011-07-01-1228.JPG	0	[0, 0, 0, 1]
	105/img-2011-07-01-1229.JPG	1	[0, 0, 0, 1]
	105/img-2011-07-01-1229-2.JPG	0	[0, 0, 1, 1]
	105/img-2011-07-01-1229-1.JPG	0	[0, 0, 1, 1]
355
	355/IMG_0006.JPG	1	[0, 0, 0, 1]
	355/IMG_0011.JPG	1	[0, 0, 0, 1]
	355/IMG_0021.JPG	0	[0, 0, 0, 1]
	355/IMG_0024.JPG	1	[0, 0, 0, 1]
	355/IMG_0018.JPG	0	[0, 0, 1, 1]
324
	324/IMG_6650.JPG	1	[0, 0, 1, 1]
	324/IMG_6649.JPG	1	[0, 1, 1, 1]
	324/IMG_6651.JPG	1	[0, 0, 0, 0]
	324/IMG_6652.JPG	0	[0, 0, 0, 0]
155
	155/img-2011-10-24-2141-1.JPG	1	[0, 0, 0, 0]
	155/img-2011-10-24-2141-2.JPG	0	[0, 0, 0, 0]
	155/img-2011-10-24-2141-3.JPG	0	[0, 0, 0, 0]
	155/img-2011-10-24-2141.JPG	0	[0, 0, 0, 0]
	155/img-2011-10-24-2142.JPG	0	[0, 0, 0, 0]
378
	378/IMG_5632.JPG	0	[0, 0, 0, 0]
	378/IMG_5633.JPG	0	[0, 0, 0, 0]
	378/IMG_5634.JPG	1	[0, 0, 0, 0]
267
	267/2019-05-13 10.38.24_70.jpg	0	[0, 0, 1, 1]
	267/2019-05-13 10.38.24_69.jpg	1	[0, 1, 1, 1]
	267/2019-05-13 10.38.24_71.jpg	0	[0, 0, 0, 0]
364
	364/IMG_7548.JPG	0	[0, 0, 0, 1]
	364/IMG_7549.JPG	0	[0, 0, 0, 0]
	364/IMG_7550.JPG	1	[0, 0, 0, 0]
186
	186/img-2011-12-12-2053-2.jpg	1	[0, 0, 1, 1]
	186/img-2011-12-12-2053-1.jpg	0	[0, 0, 1, 1]
148
	148/img-2011-10-21-0956-1.JPG	0	[0, 0, 0, 1]
	148/img-2011-10-21-0957-1.JPG	1	[0, 0, 0, 1]
	148/img-2011-10-21-0957.JPG	0	[0, 0, 1, 1]
	148/img-2011-10-21-0956.JPG	0	[0, 0, 1, 1]
165
	165/img-2011-10-31-1020-1.JPG	1	[0, 0, 0, 1]
	165/img-2011-10-31-1020-2.JPG	1	[0, 0, 0, 1]
	165/img-2011-10-31-1021-2.JPG	1	[0, 0, 0, 1]
	165/img-2011-10-31-1021.JPG	0	[0, 0, 0, 1]
	165/img-2011-10-31-1021-1.JPG	0	[0, 0, 1, 1]
	165/img-2011-10-31-1020.JPG	0	[0, 0, 1, 1]
218
	218/2017-01-15 10.22.00.jpg	1	[0, 0, 1, 1]
	218/2017-01-15 10.21.59.jpg	1	[0, 0, 1, 1]
	218/2017-01-15 10.21.56.jpg	1	[0, 0, 1, 1]
	218/2017-01-15 10.21.57.jpg	0	[0, 0, 0, 0]
144
	144/img-2011-10-20-0047-1.JPG	1	[0, 0, 0, 0]
	144/img-2011-10-20-0047-2.JPG	0	[0, 0, 0, 0]
	144/img-2011-10-20-0047.JPG	0	[0, 0, 0, 0]
112
	112/img-2011-07-08-1236-1.JPG	0	[0, 0, 0, 1]
	112/img-2011-07-08-1236.JPG	1	[0, 0, 1, 1]
345
	345/IMG_4129.JPG	0	[0, 1, 1, 1]
	345/IMG_4127.JPG	1	[0, 0, 0, 0]
	345/IMG_4128.JPG	1	[0, 0, 0, 0]
138
	138/img-2011-10-17-1531-1.jpg	0	[0, 0, 0, 1]
	138/img-2011-10-17-1531-4.jpg	1	[0, 0, 0, 1]
	138/img-2011-10-17-1531.jpg	0	[0, 0, 1, 1]
	138/img-2011-10-17-1531-2.jpg	0	[0, 0, 0, 0]
	138/img-2011-10-17-1531-3.jpg	0	[0, 0, 0, 0]
213
	213/2016-12-23 15.18.00.jpg	1	[0, 0, 0, 1]
	213/2016-12-23 15.18.14.jpg	0	[0, 0, 0, 1]
	213/2016-12-23 15.18.01.jpg	0	[0, 0, 1, 1]
	213/2016-12-23 15.17.52.jpg	1	[0, 0, 0, 0]
	213/2016-12-23 15.18.08.jpg	0	[0, 0, 0, 0]
	213/2016-12-23 15.18.12.jpg	0	[0, 0, 0, 0]
	213/2016-12-23 15.18.18.jpg	0	[0, 0, 0, 0]
259
	259/2019-01-19 16.36.14.jpg	0	[0, 0, 0, 1]
	259/2019-01-19 16.36.19.jpg	0	[0, 0, 0, 1]
	259/2019-01-19 16.36.32.jpg	1	[0, 0, 1, 1]
156
	156/img-2011-10-25-0029-3.JPG	0	[0, 0, 1, 1]
	156/img-2011-10-25-0029-2.JPG	0	[0, 0, 1, 1]
	156/img-2011-10-25-0029-1.JPG	1	[0, 0, 1, 1]
314
	314/IMG_6408.JPG	1	[0, 1, 1, 1]
	314/IMG_6409.JPG	0	[0, 0, 0, 0]
205
	205/2016-10-31 10.44.25.jpg	0	[0, 0, 1, 1]
	205/2016-10-31 10.44.23.jpg	0	[0, 0, 1, 1]
	205/2016-10-31 10.45.12.jpg	0	[0, 1, 1, 1]
	205/2016-10-31 10.45.11.jpg	0	[0, 1, 1, 1]
	205/2016-10-31 10.45.10.jpg	1	[0, 1, 1, 1]
	205/2016-10-31 10.44.53.jpg	1	[0, 1, 1, 1]
	205/2016-10-31 10.44.06.jpg	0	[0, 1, 1, 1]
	205/2016-10-31 10.44.05.jpg	0	[0, 1, 1, 1]
140
	140/img-2011-10-17-1535-1.jpg	1	[0, 0, 1, 1]
	140/img-2011-10-17-1535.jpg	0	[0, 0, 0, 0]
351
	351/IMG_4951.JPG	0	[0, 0, 1, 1]
	351/IMG_4955.JPG	1	[0, 1, 1, 1]
	351/IMG_4952.JPG	0	[0, 1, 1, 1]
113
	113/img-2011-07-08-1243-1.JPG	1	[0, 0, 0, 1]
	113/img-2011-07-08-1243.JPG	0	[0, 0, 0, 1]
382
	382/IMG_8074.JPG	1	[0, 0, 0, 1]
	382/IMG_8075.JPG	1	[0, 0, 0, 1]
	382/IMG_8077.JPG	0	[0, 0, 0, 1]
	382/IMG_8078.JPG	0	[0, 0, 0, 1]
	382/IMG_8079.JPG	0	[0, 0, 0, 1]
	382/IMG_8080.JPG	0	[0, 0, 0, 1]
	382/IMG_8081.JPG	0	[0, 0, 0, 1]
	382/IMG_8082.JPG	0	[0, 0, 0, 1]
	382/IMG_8076.JPG	1	[0, 1, 1, 1]
	382/IMG_8083.JPG	0	[0, 0, 0, 0]
356
	356/IMG_7118.JPG	1	[0, 0, 0, 1]
	356/IMG_7123.JPG	1	[0, 0, 0, 1]
	356/IMG_7122.JPG	0	[0, 0, 1, 1]
	356/IMG_7119.JPG	0	[0, 0, 1, 1]
	356/IMG_7121.JPG	0	[0, 1, 1, 1]
368
	368/IMG_7825.JPG	1	[0, 0, 0, 1]
	368/IMG_7824.JPG	0	[0, 0, 0, 0]
160
	160/img-2011-10-27-0642.jpg	1	[0, 0, 0, 1]
	160/img-2011-10-27-0643.jpg	0	[0, 0, 0, 1]
133
	133/img-2011-08-17-1205.JPG	0	[0, 0, 0, 1]
	133/img-2011-08-17-1204-5.JPG	1	[0, 0, 1, 1]
304
	304/IMG_6142.JPG	1	[0, 0, 0, 1]
	304/IMG_6143.JPG	0	[0, 0, 0, 1]
231
	231/2017-08-17 07.12.58.jpg	1	[0, 0, 0, 1]
	231/2017-08-17 07.12.58_1.jpg	1	[0, 0, 0, 1]
	231/2017-08-17 07.13.00_1.jpg	0	[0, 1, 1, 1]
	231/2017-08-17 07.13.00.jpg	0	[0, 1, 1, 1]
153
	153/img-2011-10-24-1426.jpg	1	[0, 0, 1, 1]
	153/img-2011-10-24-1426-1.jpg	0	[0, 0, 1, 1]
384
	384/IMG_8600.JPG	0	[0, 0, 0, 1]
	384/IMG_8602.JPG	0	[0, 0, 0, 1]
	384/IMG_8599.JPG	0	[0, 0, 1, 1]
	384/IMG_8598.JPG	0	[0, 0, 1, 1]
	384/IMG_8597.JPG	1	[0, 0, 1, 1]
	384/IMG_8596.JPG	0	[0, 1, 1, 1]
	384/IMG_8593.JPG	1	[0, 1, 1, 1]
	384/IMG_8595.JPG	0	[0, 0, 0, 0]
	384/IMG_8601.JPG	0	[0, 0, 0, 0]
	384/IMG_8594.JPG	0	[1, 1, 1, 1]
246
	246/2017-07-19 21.11.58.jpg	0	[0, 0, 0, 1]
	246/2017-07-19 21.12.03.jpg	0	[0, 0, 0, 1]
	246/2017-07-19 21.12.04.jpg	1	[0, 0, 0, 1]
134
	134/img-2011-08-22-2103.JPG	0	[0, 0, 0, 0]
	134/img-2011-08-22-2104.JPG	1	[0, 0, 0, 0]
101
	101/img-2011-07-01-1103.JPG	0	[0, 0, 1, 1]
	101/img-2011-07-01-1103-1.JPG	0	[0, 0, 1, 1]
	101/img-2011-07-01-1103-5.JPG	0	[0, 1, 1, 1]
	101/img-2011-07-01-1103-4.JPG	0	[0, 1, 1, 1]
	101/img-2011-07-01-1103-2.JPG	0	[0, 0, 0, 0]
	101/img-2011-07-01-1103-3.JPG	1	[0, 0, 0, 0]
120
	120/img-2011-07-16-1747-4.JPG	0	[0, 0, 0, 1]
	120/img-2011-07-16-1748.JPG	1	[0, 0, 1, 1]
315
	315/IMG_6463.JPG	1	[0, 0, 1, 1]
	315/IMG_6462.JPG	1	[0, 0, 1, 1]
	315/IMG_6461.JPG	0	[0, 1, 1, 1]
275
	275/2019-06-06 17.57.57.jpg	0	[0, 0, 0, 1]
	275/2019-06-06 17.57.58.jpg	1	[0, 0, 0, 1]
369
	369/IMG_7868.JPG	0	[0, 0, 0, 1]
	369/IMG_7869.JPG	0	[0, 0, 0, 1]
	369/IMG_7867.JPG	1	[0, 0, 0, 0]
185
	185/img-2011-11-23-1727-2.JPG	1	[0, 0, 0, 1]
	185/img-2011-11-23-1727-3.JPG	0	[0, 0, 1, 1]
302
	302/IMG_6120.JPG	0	[0, 0, 0, 1]
	302/IMG_6122.JPG	1	[0, 0, 0, 1]
	302/IMG_6121.JPG	0	[0, 0, 0, 0]
158
	158/img-2011-10-25-1259.jpg	0	[0, 0, 0, 1]
	158/img-2011-10-25-1259-1.jpg	1	[0, 0, 0, 0]
374
	374/IMG_5592.JPG	1	[0, 0, 1, 1]
	374/IMG_5593.JPG	0	[0, 0, 0, 0]
366
	366/IMG_7721.JPG	1	[0, 0, 1, 1]
	366/IMG_7720.JPG	0	[0, 0, 1, 1]
	366/IMG_7719.JPG	0	[0, 0, 1, 1]
	366/IMG_7718.JPG	0	[0, 0, 1, 1]
	366/IMG_7723.JPG	0	[0, 1, 1, 1]
	366/IMG_7722.JPG	1	[0, 1, 1, 1]
167
	167/img-2011-11-04-1245.JPG	0	[0, 0, 1, 1]
	167/img-2011-11-04-1245-1.JPG	1	[0, 0, 1, 1]
249
	249/2017-08-10 11.10.41.jpg	0	[0, 0, 0, 1]
	249/2017-08-10 11.10.49.jpg	1	[0, 0, 1, 1]
100
	100/img-2011-07-01-0955.JPG	1	[0, 0, 1, 1]
	100/img-2011-07-01-0955-1.JPG	0	[0, 0, 0, 0]
122
	122/img-2011-07-24-1211.JPG	1	[0, 1, 1, 1]
	122/img-2011-07-24-1211-1.JPG	0	[0, 1, 1, 1]
363
	363/IMG_7538.JPG	0	[0, 0, 0, 1]
	363/IMG_7540.JPG	1	[0, 0, 0, 1]
	363/IMG_7536.JPG	0	[0, 0, 1, 1]
253
	253/2018-04-21 19.53.23.jpg	0	[0, 0, 0, 1]
	253/2018-04-21 19.53.26.jpg	1	[0, 0, 0, 1]
	253/2018-04-21 19.53.28.jpg	0	[0, 0, 1, 1]
	253/2018-04-21 19.53.18.jpg	0	[0, 0, 1, 1]
343
	343/IMG_0158.JPG	0	[0, 0, 0, 1]
	343/IMG_0159.JPG	0	[0, 0, 0, 1]
	343/IMG_0161.JPG	1	[0, 0, 0, 1]
308
	308/IMG_6267.JPG	1	[0, 0, 0, 1]
	308/IMG_6268.JPG	0	[0, 0, 0, 1]
	308/IMG_6269.JPG	1	[0, 0, 0, 1]
103
	103/img-2011-07-01-1126-1.JPG	0	[0, 0, 0, 0]
	103/img-2011-07-01-1126-2.JPG	1	[0, 0, 0, 0]
	103/img-2011-07-01-1126-3.JPG	0	[0, 0, 0, 0]
	103/img-2011-07-01-1126-5.JPG	1	[0, 0, 0, 0]
	103/img-2011-07-01-1126.JPG	0	[0, 0, 0, 0]
	103/img-2011-07-01-1127-1.JPG	0	[0, 0, 0, 0]
	103/img-2011-07-01-1127.JPG	0	[0, 0, 0, 0]
370
	370/IMG_7881.JPG	0	[0, 0, 0, 0]
	370/IMG_7882.JPG	0	[0, 0, 0, 0]
	370/IMG_7883.JPG	0	[0, 0, 0, 0]
	370/IMG_7884.JPG	1	[0, 0, 0, 0]
200
	200/2016-09-17 15.24.04.jpg	0	[0, 0, 0, 1]
	200/2016-09-17 15.24.06.jpg	0	[0, 0, 1, 1]
	200/2016-09-17 15.24.05.jpg	0	[0, 0, 1, 1]
	200/2016-09-17 15.23.56.jpg	0	[0, 0, 1, 1]
	200/2016-09-17 15.23.47.jpg	1	[0, 0, 0, 0]
	200/2016-09-17 15.24.09.jpg	1	[0, 0, 0, 0]
362
	362/IMG_7498.JPG	0	[0, 0, 1, 1]
	362/IMG_7497.JPG	0	[0, 0, 1, 1]
	362/IMG_7496.JPG	1	[0, 0, 1, 1]
	362/IMG_7494.JPG	0	[0, 0, 1, 1]
	362/IMG_7495.JPG	0	[0, 1, 1, 1]
260
	260/2019-01-19 16.42.07.jpg	1	[0, 0, 1, 1]
	260/2019-01-19 16.42.17.jpg	0	[0, 1, 1, 1]
163
	163/img-2011-10-27-1333.jpg	1	[0, 0, 0, 1]
	163/img-2011-10-27-1333-1.jpg	0	[0, 1, 1, 1]
265
	265/2019-05-13 10.38.24_35.jpg	1	[0, 0, 1, 1]
	265/2019-05-13 10.38.24_34.jpg	0	[0, 0, 1, 1]
162
	162/img-2011-10-27-1232-1.jpg	0	[0, 0, 1, 1]
	162/img-2011-10-27-1232-2.jpg	1	[0, 0, 0, 0]
	162/img-2011-10-27-1232-3.jpg	1	[0, 0, 0, 0]
	162/img-2011-10-27-1232.jpg	0	[0, 0, 0, 0]
107
	107/img-2011-07-01-1631-2.JPG	0	[0, 0, 0, 1]
	107/img-2011-07-01-1633-2.JPG	0	[0, 0, 0, 1]
	107/img-2011-07-01-1633-3.JPG	1	[0, 0, 0, 1]
	107/img-2011-07-01-1630.JPG	0	[0, 0, 1, 1]
	107/img-2011-07-01-1630-1.JPG	0	[0, 0, 0, 0]
	107/img-2011-07-01-1631-1.JPG	0	[0, 0, 0, 0]
	107/img-2011-07-01-1631.JPG	0	[0, 0, 0, 0]
	107/img-2011-07-01-1633-1.JPG	0	[0, 0, 0, 0]
	107/img-2011-07-01-1633.JPG	0	[0, 0, 0, 0]
143
	143/img-2011-10-19-1349-1.JPG	0	[0, 0, 0, 1]
	143/img-2011-10-19-1349.JPG	0	[0, 0, 0, 1]
	143/img-2011-10-19-1350-1.JPG	1	[0, 0, 0, 0]
	143/img-2011-10-19-1350.JPG	0	[0, 0, 0, 0]
219
	219/2017-01-28 20.16.10.jpg	0	[0, 0, 0, 1]
	219/2017-01-28 20.16.19.jpg	0	[0, 0, 0, 1]
	219/2017-01-28 20.16.21.jpg	1	[0, 0, 0, 1]
	219/2017-01-28 20.16.22.jpg	1	[0, 0, 0, 1]
	219/2017-01-28 20.16.20.jpg	0	[0, 0, 1, 1]
	219/2017-01-28 20.16.09.jpg	0	[0, 0, 1, 1]
243
	243/IMG_20190330_181235.jpg	1	[0, 0, 1, 1]
	243/IMG_20190330_181318.jpg	1	[0, 1, 1, 1]
	243/IMG_20190330_181312.jpg	0	[0, 1, 1, 1]
	243/IMG_20190330_181306.jpg	1	[0, 1, 1, 1]
	243/IMG_20190330_181301.jpg	0	[0, 1, 1, 1]
	243/IMG_20190330_181241.jpg	0	[0, 1, 1, 1]
	243/IMG_20190330_181238.jpg	0	[0, 1, 1, 1]
	243/IMG_20190330_181236.jpg	0	[0, 1, 1, 1]
	243/IMG_20190330_181235(1).jpg	0	[0, 1, 1, 1]
	243/IMG_20190330_181234.jpg	1	[0, 1, 1, 1]
373
	373/IMG_5568.JPG	1	[0, 0, 0, 1]
	373/IMG_5566.JPG	1	[0, 1, 1, 1]
	373/IMG_5567.JPG	0	[0, 0, 0, 0]
360
	360/IMG_7403.JPG	0	[0, 0, 1, 1]
	360/IMG_7401.JPG	1	[0, 0, 1, 1]
273
	273/2019-05-26 17.30.37.jpg	1	[0, 0, 1, 1]
	273/2019-05-26 17.30.36.jpg	0	[0, 0, 1, 1]
	273/2019-05-26 17.30.34.jpg	0	[0, 0, 1, 1]
172
	172/img-2011-11-06-1207.JPG	0	[0, 0, 1, 1]
	172/img-2011-11-06-1207-2.JPG	1	[0, 0, 1, 1]
	172/img-2011-11-06-1207-1.JPG	0	[0, 1, 1, 1]
228
	228/2017-04-28 14.20.49.jpg	0	[0, 1, 1, 1]
	228/2017-04-28 14.20.48.jpg	0	[0, 1, 1, 1]
	228/2017-04-28 14.20.47.jpg	1	[0, 1, 1, 1]
	228/2017-04-28 14.20.46.jpg	1	[0, 1, 1, 1]
	228/2017-04-28 14.20.44_1.jpg	0	[0, 1, 1, 1]
	228/2017-04-28 14.20.39.jpg	0	[0, 1, 1, 1]
250
	250/2017-08-31 19.42.51.jpg	1	[0, 0, 0, 1]
	250/2017-08-31 19.42.50.jpg	0	[0, 0, 0, 0]
251
	251/2017-11-26 15.00.23.jpg	0	[0, 0, 1, 1]
	251/2017-11-26 15.00.20.jpg	0	[0, 0, 1, 1]
	251/2017-11-26 15.00.36.jpg	0	[0, 1, 1, 1]
	251/2017-11-26 15.00.31.jpg	0	[0, 1, 1, 1]
	251/2017-11-26 15.00.30.jpg	1	[0, 1, 1, 1]
125
	125/img-2011-07-24-1343.JPG	0	[0, 0, 1, 1]
	125/img-2011-07-24-1343-1.JPG	1	[0, 0, 1, 1]
170
	170/img-2011-11-06-1206-1.JPG	1	[0, 0, 0, 1]
	170/img-2011-11-06-1205-7.JPG	0	[0, 0, 1, 1]
	170/img-2011-11-06-1205-6.JPG	0	[0, 1, 1, 1]
328
	328/IMG_6692.JPG	0	[0, 0, 0, 0]
	328/IMG_6693.JPG	1	[0, 0, 0, 0]
	328/IMG_6694.JPG	1	[0, 0, 0, 0]
271
	271/2019-05-16 20.47.26.jpg	0	[0, 0, 0, 1]
	271/2019-05-16 20.47.30.jpg	1	[0, 0, 1, 1]
	271/2019-05-16 20.47.29.jpg	1	[0, 0, 1, 1]
	271/2019-05-16 20.47.28.jpg	0	[0, 1, 1, 1]
372
	372/IMG_7992.JPG	0	[0, 0, 1, 1]
	372/IMG_7991.JPG	1	[0, 0, 1, 1]
	372/IMG_7993.JPG	0	[0, 0, 0, 0]
245
	245/IMG_20190511_111729.jpg	1	[0, 1, 1, 1]
	245/IMG_20190511_111728.jpg	0	[0, 1, 1, 1]
	245/IMG_20190511_111727.jpg	0	[0, 1, 1, 1]
	245/IMG_20190511_111714.jpg	0	[0, 1, 1, 1]
	245/IMG_20190511_111712.jpg	1	[0, 1, 1, 1]
	245/IMG_20190511_111651.jpg	0	[0, 1, 1, 1]
	245/IMG_20190511_111650.jpg	0	[0, 1, 1, 1]
233
	233/201_Good.jpg	1	[0, 0, 1, 1]
	233/202_Bad.jpg	0	[0, 1, 1, 1]
119
	119/img-2011-07-16-1747-3.JPG	1	[0, 0, 0, 1]
	119/img-2011-07-16-1747-2.JPG	0	[0, 1, 1, 1]
215
	215/2017-01-02 10.11.48.jpg	0	[0, 0, 0, 1]
	215/2017-01-02 10.11.57.jpg	1	[0, 0, 0, 1]
	215/2017-01-02 10.11.51.jpg	1	[0, 0, 1, 1]
	215/2017-01-02 10.11.55.jpg	0	[0, 0, 0, 0]
	215/2017-01-02 10.11.45.jpg	0	[1, 1, 1, 1]
139
	139/img-2011-10-17-1533.jpg	0	[0, 0, 1, 1]
	139/img-2011-10-17-1533-1.jpg	1	[0, 1, 1, 1]
106
	106/img-2011-07-01-1629-3.JPG	0	[0, 1, 1, 1]
	106/img-2011-07-01-1629-1.JPG	1	[0, 1, 1, 1]
	106/img-2011-07-01-1629-2.JPG	0	[0, 0, 0, 0]
	106/img-2011-07-01-1629.JPG	0	[0, 0, 0, 0]
269
	269/2019-05-13 10.38.44_61.jpg	0	[0, 0, 0, 1]
	269/2019-05-13 10.38.44_62.jpg	0	[0, 0, 0, 1]
	269/2019-05-13 10.38.44_63.jpg	1	[0, 1, 1, 1]
332
	332/IMG_6820.JPG	1	[0, 1, 1, 1]
	332/IMG_6818.JPG	0	[0, 1, 1, 1]
	332/IMG_6819.JPG	0	[0, 0, 0, 0]
232
	232/101_Bad.jpg	0	[0, 0, 0, 1]
	232/103_Bad.jpg	1	[0, 0, 0, 1]
	232/104_Good.jpg	0	[0, 0, 1, 1]
	232/102_Good.jpg	1	[0, 0, 1, 1]
118
	118/img-2011-07-16-1747-1.JPG	1	[0, 0, 0, 1]
	118/img-2011-07-16-1747.JPG	0	[1, 1, 1, 1]
331
	331/IMG_6817.JPG	1	[0, 0, 1, 1]
	331/IMG_6816.JPG	0	[0, 0, 1, 1]
174
	174/img-2011-11-06-1237-6.JPG	0	[0, 0, 0, 1]
	174/img-2011-11-06-1237-5.JPG	0	[0, 1, 1, 1]
	174/img-2011-11-06-1237-4.JPG	1	[0, 1, 1, 1]
	174/img-2011-11-06-1237-3.JPG	1	[0, 1, 1, 1]
	174/img-2011-11-06-1237-2.JPG	0	[0, 1, 1, 1]
	174/img-2011-11-06-1237-7.JPG	0	[0, 0, 0, 0]
	174/img-2011-11-06-1237-8.JPG	0	[0, 0, 0, 0]
