274
	274/2019-05-29 17.44.40.jpg	0	[-0.009569085907610575, 209.0095691589263]
	274/2019-05-29 17.44.41.jpg	1	[-0.010203727493954234, 98.00510190801293]
	274/2019-05-29 17.44.42.jpg	0	[-0.28819001843993597, 263.8825496314601]
129
	129/img-2011-07-30-1329-2.JPG	0	[-0.9246774229342948, 76.40026177965623]
	129/img-2011-07-30-1329-1.JPG	1	[-1.240498971965643, 74.0]
303
	303/IMG_6127.JPG	1	[0.009615088299702515, 104.00480758118829]
	303/IMG_6123.JPG	0	[-0.5713374798336268, 99.85990186255943]
137
	137/img-2011-09-18-1513-1.JPG	0	[-0.03417472361619509, 117.06835610018618]
	137/img-2011-09-18-1513.JPG	1	[-0.14843290925009506, 108.18964830333815]
344
	344/IMG_20190501_200320.jpg	0	[0.2063238940297175, 219.65882636488797]
	344/IMG_20190501_200324.jpg	0	[0.2825549524695875, 64.5600495662759]
	344/IMG_20190501_200323.jpg	0	[0.1343214419529685, 74.67261881037788]
	344/IMG_20190501_200326.jpg	0	[0.029231437372220313, 171.0730837975396]
	344/IMG_20190501_200322_1.jpg	1	[0.01538340178059515, 65.00769185258002]
131
	131/img-2011-08-17-1150.JPG	1	[1.549447257731549, 281.06404963993526]
	131/img-2011-08-17-1149-1.JPG	0	[1.485291033116692, 175.64168070250295]
	131/img-2011-08-17-1149.JPG	0	[0.48947212493323994, 121.23530838827442]
109
	109/img-2011-07-04-1516.JPG	0	[0.08314123188844123, 60.207972893961475]
	109/img-2011-07-04-1516-1.JPG	1	[-0.2135604334804882, 169.85876486069242]
	109/img-2011-07-04-1516-3.JPG	0	[-0.19335789673109366, 145.71547618561317]
	109/img-2011-07-04-1516-5.JPG	0	[-0.14816002073183138, 67.7421582177598]
	109/img-2011-07-04-1516-4.JPG	1	[-1.1341691669813554, 198.63534428696218]
	109/img-2011-07-04-1516-2.JPG	0	[-1.4505008498669425, 183.3248482884958]
220
	220/2017-01-28 20.17.32.jpg	0	[0.05449145624073119, 55.08175741568164]
	220/2017-01-28 20.16.57.jpg	0	[0.0, 65.0]
	220/2017-01-28 20.17.17.jpg	0	[0, 0]
	220/2017-01-28 20.17.07.jpg	0	[-0.22423475110909616, 58.463663928973865]
	220/2017-01-28 20.17.18.jpg	0	[-0.5702379750540449, 109.29318368498559]
	220/2017-01-28 20.16.55.jpg	0	[-0.6055446636049701, 94.86832980505137]
	220/2017-01-28 20.17.02.jpg	0	[-0.6692565365174581, 85.42833253669417]
	220/2017-01-28 20.16.58.jpg	1	[-0.7469555733762603, 73.59347797189639]
	220/2017-01-28 20.17.01.jpg	0	[-0.9912323415015735, 65.73431371817918]
145
	145/img-2011-10-20-1237-3.JPG	0	[-1.5707963267948966, 303.0]
	145/img-2011-10-20-1237.JPG	0	[-1.5235873349856823, 127.1416532848303]
	145/img-2011-10-20-1237-1.JPG	0	[-1.5517510108128802, 105.01904589168576]
	145/img-2011-10-20-1237-2.JPG	1	[-1.5563045877293966, 69.00724599634447]
104
	104/img-2011-07-01-1224-3.JPG	1	[1.0110600022767235, 186.45374761586316]
	104/img-2011-07-01-1224-2.JPG	0	[0.9330340359182007, 139.40229553346674]
	104/img-2011-07-01-1224-1.JPG	0	[0.9056936403254024, 64.81512169239521]
377
	377/IMG_5614.JPG	1	[0.7853981633974483, 79.19595949289332]
	377/IMG_5615.JPG	0	[0.14981245657289735, 53.600373133029585]
336
	336/IMG_6892.JPG	1	[0.010752273791101236, 186.01075237738274]
	336/IMG_6893.JPG	0	[-0.1702119252854744, 64.93843238021688]
354
	354/IMG_0015.JPG	1	[1.1520623132638799, 199.21094347449892]
	354/IMG_0017.JPG	0	[1.089015990351157, 172.6528308484978]
159
	159/img-2011-10-27-0444-1.JPG	0	[0.5383745133462302, 83.86298349093002]
	159/img-2011-10-27-0444-2.JPG	0	[0.48088728019533583, 77.82673062643708]
	159/img-2011-10-27-0444.JPG	1	[0.06656816377582381, 120.26637102698326]
222
	222/2017-01-31 20.11.49.jpg	1	[0.667526060200232, 108.23123393919151]
	222/2017-01-31 20.11.51.jpg	1	[-0.06656816377582381, 120.26637102698326]
	222/2017-01-31 20.11.51_1.jpg	0	[-1.2231894670389947, 73.38937252763509]
225
	225/2017-02-11 20.45.36.jpg	0	[0.5689270161826122, 174.4849563716024]
	225/2017-02-11 20.45.48.jpg	1	[0.20539538918976738, 98.0612053770501]
	225/2017-02-11 20.45.48_1.jpg	0	[-0.333945071844894, 155.59562975867928]
	225/2017-02-11 20.46.13.jpg	0	[-0.6177557255662326, 93.23089616645332]
	225/2017-02-11 20.46.12.jpg	1	[-1.477319545636307, 128.56126943990557]
254
	254/2018-05-28 08.47.20.jpg	1	[-1.4511778273191136, 209.49701668520245]
	254/2018-05-28 08.47.18.jpg	0	[-1.442473099109102, 93.7709976485267]
333
	333/IMG_6836.JPG	0	[0.6659692373791098, 106.82696288858914]
	333/IMG_6834.JPG	0	[0.3217505543966422, 66.40783086353596]
	333/IMG_6835.JPG	0	[0.10827059086045604, 92.5418824100742]
	333/IMG_6837.JPG	1	[-0.7758746418038355, 74.24957912338628]
	333/IMG_6833.JPG	0	[-1.1131366701780037, 74.68600939935136]
339
	339/IMG_6950.JPG	1	[0.10931853388790005, 82.49242389456137]
	339/IMG_6951.JPG	0	[0.0299910048568779, 100.04498987955368]
367
	367/IMG_7821.JPG	0	[1.4876550949064553, 252.87348615463821]
	367/IMG_7823.JPG	0	[-0.4150747336946735, 64.47480127925948]
	367/IMG_7822.JPG	1	[-1.1324597669369387, 70.68238818828917]
371
	371/IMG_7981.JPG	0	[0.8909645194607176, 214.74170531128786]
	371/IMG_7980.JPG	1	[0.14623542217978672, 130.39171752837677]
	371/IMG_7982.JPG	0	[-0.5720523611606719, 504.2866248474175]
175
	175/img-2011-11-06-1240-1.JPG	0	[1.5095825774729013, 310.5817122755298]
	175/img-2011-11-06-1240-2.JPG	0	[1.53020949054731, 197.1623696347759]
	175/img-2011-11-06-1240.JPG	0	[1.5003249822161009, 85.21150157109074]
	175/img-2011-11-06-1240-3.JPG	1	[1.3288757581104917, 158.61904047118682]
335
	335/IMG_6862.JPG	1	[-0.10915346290887773, 220.31114361284588]
	335/IMG_6864.JPG	0	[-0.13306726200855692, 128.1327436684316]
	335/IMG_6863.JPG	1	[-0.30828335514927296, 187.85632808079689]
	335/IMG_6861.JPG	0	[-0.20095426368809702, 55.10898293381942]
	335/IMG_6865.JPG	0	[-0.28897540999256643, 77.20103626247513]
268
	268/2019-05-13 10.38.24_78.jpg	0	[1.170944094678269, 182.3869512876401]
	268/2019-05-13 10.38.24_79.jpg	0	[0.7106478327161417, 160.96272860510285]
	268/2019-05-13 10.38.24_80.jpg	1	[0.6078019961139605, 84.0535543567314]
	268/2019-05-13 10.38.24_77.jpg	0	[-0.01418344599130874, 141.01418368376991]
350
	350/IMG_4912.JPG	0	[-0.7286031224825974, 211.7663807123312]
	350/IMG_4913.JPG	1	[-1.4101141209196328, 331.26726370107866]
320
	320/IMG_6558.JPG	1	[0.7118468729089086, 67.35725647619564]
	320/IMG_6559.JPG	0	[-1.5059522992416898, 77.1621668954417]
242
	242/IMG_1394.JPG	0	[0.5693131911006619, 118.72657663724664]
	242/IMG_1393.JPG	1	[-0.4948874424310744, 71.58910531638176]
258
	258/2019-01-02 21.03.00.jpg	0	[-0.009900666587988573, 202.00990074746338]
	258/2019-01-02 21.02.52.jpg	0	[0.01587168299179005, 63.00793600809346]
	258/2019-01-02 21.02.56.jpg	1	[0.0, 76.0]
	258/2019-01-02 21.03.07.jpg	0	[0.0, 58.0]
	258/2019-01-02 21.03.02.jpg	0	[-0.05167808448243, 58.077534382926416]
319
	319/IMG_6550.JPG	0	[0.5506755509122512, 66.88796603276258]
	319/IMG_6551.JPG	1	[-0.7121350296582089, 154.5639026422405]
	319/IMG_6552.JPG	0	[-1.4442041995149246, 55.44366510251645]
234
	234/302_Good.jpg	1	[0.1672539374622611, 156.1793840428371]
	234/301_Bad.jpg	0	[0.07393903765794034, 54.147945482723536]
	234/303_Bad.jpg	0	[0.026660348374597954, 75.02666192761077]
201
	201/2016-09-19 17.35.28.jpg	1	[1.4483352693775553, 196.4713719603953]
	201/2016-09-19 17.35.29.jpg	0	[1.4659193880646628, 171.9447585708852]
166
	166/img-2011-11-13-0807-1.JPG	0	[-0.011764163149758748, 170.01176429882727]
	166/img-2011-11-26-2031.JPG	1	[-1.5707963267948966, 111.0]
385
	385/IMG_8611.JPG	1	[1.5454852776520482, 158.05062480104277]
	385/IMG_8610.JPG	0	[0.3518166794456865, 168.30923919975396]
	385/IMG_8609.JPG	0	[-0.029403288204005115, 68.0294054067798]
	385/IMG_8607.JPG	0	[-1.0723369163282177, 269.8332818612263]
266
	266/2019-05-13 10.38.24_54.jpg	1	[0.06912048084718227, 130.31116606031887]
	266/2019-05-13 10.38.24_55.jpg	0	[0.007633439517493071, 131.00381673829202]
	266/2019-05-13 10.38.24_56.jpg	0	[-1.4089588955564738, 99.29753269845128]
214
	214/2016-12-31 20.25.55.jpg	1	[1.5332200374521734, 133.09395177843356]
	214/2016-12-31 20.26.10.jpg	0	[1.4565419988334571, 61.40032573203501]
	214/2016-12-31 20.26.09.jpg	0	[1.1174576309403337, 86.76404785393545]
	214/2016-12-31 20.26.06.jpg	0	[-0.5461665634337878, 59.682493245507096]
	214/2016-12-31 20.25.48.jpg	0	[-0.6947382761967031, 70.2922470831599]
	214/2016-12-31 20.25.57.jpg	1	[-1.089132649240035, 99.29753269845128]
	214/2016-12-31 20.25.58.jpg	1	[-1.1872688108379048, 61.465437442517235]
365
	365/IMG_7705.JPG	0	[1.0687061277729024, 58.180752831155424]
	365/IMG_7704.JPG	1	[-0.1297025371559121, 115.97413504743201]
	365/IMG_7703.JPG	0	[-0.9097531579442097, 171.0263137648707]
173
	173/img-2011-11-06-1237.JPG	0	[0.7039461190915773, 69.52697318307479]
	173/img-2011-11-06-1237-1.JPG	1	[-0.9056936403254024, 64.81512169239521]
102
	102/img-2011-07-01-1103-6.JPG	1	[1.4181469983996315, 52.61178575186362]
	102/img-2011-07-01-1103-7.JPG	0	[-0.4726971357145894, 98.8382517044894]
326
	326/IMG_6671.JPG	1	[-0.028838156871118882, 104.04326023342406]
	326/IMG_6670.JPG	0	[-0.4549142065923795, 204.83163818121457]
224
	224/2017-02-11 20.39.26.jpg	1	[1.464060654145761, 112.64102272262978]
	224/2017-02-11 20.39.21.jpg	0	[0.06984504991674083, 243.5939243905726]
	224/2017-02-11 20.39.22.jpg	1	[-0.04952215901848231, 343.4210244000795]
229
	229/2017-05-13 19.46.10.jpg	1	[0.2093853929534955, 327.1452276894774]
	229/2017-05-13 19.46.11.jpg	0	[0.04815551305991548, 166.19265928433782]
	229/2017-05-13 19.46.09.jpg	0	[-0.348771003583907, 81.93289937503738]
176
	176/img-2011-11-07-0127-2.JPG	1	[1.5458015331759765, 160.04999218994044]
	176/img-2011-11-07-0127-1.JPG	1	[1.4884586302899645, 206.70026608594387]
	176/img-2011-11-07-0127-4.JPG	1	[1.5087642143821391, 161.31026005806325]
	176/img-2011-11-07-0127-3.JPG	0	[1.5108681716736887, 100.17983829094555]
	176/img-2011-11-07-0127.JPG	0	[0.0, 81.0]
252
	252/2017-12-24 19.20.56.jpg	0	[-0.028563657838759995, 175.07141400011596]
	252/2017-12-24 19.21.11.jpg	1	[-0.04733304076656673, 190.21303845951255]
	252/2017-12-24 19.21.14.jpg	0	[-0.05549850524571683, 54.08326913195984]
180
	180/img-2011-11-11-1711.jpg	1	[1.509019365234547, 97.18538984847466]
	180/img-2011-11-11-1710.jpg	1	[-1.5489418833115343, 183.04371062672436]
	180/img-2011-11-11-1710-1.jpg	0	[-1.5572836357815685, 148.0135128966271]
223
	223/2017-02-04 13.28.59.jpg	1	[0.8863199480647421, 112.29425630903836]
	223/2017-02-04 13.28.54.jpg	0	[0.770620913989956, 143.55835050598765]
	223/2017-02-04 13.28.52.jpg	0	[-0.029841884667109377, 67.02984409947557]
346
	346/IMG_4842.JPG	1	[1.1932661313713584, 62.39390995922599]
	346/IMG_4841.JPG	0	[-1.2924966677897853, 72.80109889280519]
255
	255/2017-08-27 15.18.01.jpg	0	[1.5563045877293966, 69.00724599634447]
	255/2017-08-27 15.17.53.jpg	1	[0.7287424425995209, 237.26145915424192]
	255/2017-08-27 15.18.03.jpg	0	[-0.5737990133235553, 97.63708311906906]
	255/2017-08-27 15.17.59.jpg	0	[-0.7311877639227848, 182.70194306574848]
300
	300/IMG_6062.JPG	1	[0.20768931390142634, 266.73207531153804]
	300/IMG_6060.JPG	0	[0.252095980668074, 68.15423684555495]
262
	262/2019-01-20 15.36.07.jpg	0	[0.9327103275260373, 110.80162453682708]
	262/2019-01-20 15.36.08.jpg	1	[0.10768987083282068, 74.43117626371358]
313
	313/IMG_6401.JPG	1	[0.007042137108312186, 142.00352108310554]
	313/IMG_6397.JPG	1	[-0.03224688243525392, 155.08062419270823]
	313/IMG_6399.JPG	0	[-0.5260664189967634, 71.69379331573968]
272
	272/2019-05-26 17.30.11.jpg	0	[0.036347621019020664, 55.036351623268054]
	272/2019-05-26 17.30.06.jpg	0	[-0.6900361164950394, 81.68843247363729]
	272/2019-05-26 17.30.14.jpg	0	[-0.8079507300477526, 94.06912352095134]
	272/2019-05-26 17.30.11_1.jpg	0	[-0.9920813818816976, 89.58794561770016]
	272/2019-05-26 17.30.10.jpg	0	[-1.2714300927375446, 84.77027781009096]
	272/2019-05-26 17.30.15.jpg	0	[-1.2911894789918519, 105.08092119885512]
	272/2019-05-26 17.30.13.jpg	1	[-1.5707963267948966, 75.0]
248
	248/2017-07-30 09.13.09_1.jpg	0	[0.7641247773733871, 99.72462083156798]
	248/2017-07-30 09.13.09.jpg	0	[-0.7110015645726296, 228.31995094603536]
	248/2017-07-30 09.13.13.jpg	1	[-0.670857466600767, 160.86018774078315]
264
	264/2019-05-13 10.38.24_12.jpg	0	[1.156657776318685, 99.40321926376429]
	264/2019-05-13 10.38.24_15.jpg	1	[0.2899764106592323, 129.40247292845683]
	264/2019-05-13 10.38.24_13.jpg	0	[-0.5477400137159024, 117.13667231059623]
	264/2019-05-13 10.38.24_14.jpg	0	[-1.4305467171582915, 85.84287972802403]
108
	108/img-2011-07-04-1406-1.JPG	0	[1.4319888607122946, 137.32079230764728]
	108/img-2011-07-04-1406.JPG	0	[0.5255837935516102, 57.8013840664737]
	108/img-2011-07-04-1406-2.JPG	1	[-1.0335974273055508, 213.00234740490538]
169
	169/img-2011-11-06-1205-5.JPG	1	[1.5130571082697926, 173.2887763243771]
	169/img-2011-11-06-1205-4.JPG	0	[1.4864200193714252, 201.71762441591463]
	169/img-2011-11-06-1205-3.JPG	0	[1.4677147182721964, 116.61903789690601]
	169/img-2011-11-06-1205-2.JPG	1	[1.4738786990005335, 72.3394774656273]
	169/img-2011-11-06-1205-1.JPG	0	[-0.023525070985216914, 85.0235261559999]
	169/img-2011-11-06-1205.JPG	0	[-0.5916858281440615, 150.60212481900777]
178
	178/img-2011-11-08-1241-6.jpg	1	[-1.2610933822524404, 52.49761899362675]
	178/img-2011-11-08-1241-5.jpg	0	[-1.4570043196511886, 140.91131963046828]
256
	256/2018-02-22 11.15.42.jpg	0	[-0.01408357582286019, 71.00704190430693]
	256/2018-02-22 11.15.44.jpg	1	[-0.11065722117389565, 90.55385138137417]
	256/2018-02-22 11.15.45.jpg	0	[-0.26916749278570046, 180.49930747789588]
312
	312/IMG_6392.JPG	0	[0.9692924339625024, 328.68982338977276]
	312/IMG_6391.JPG	1	[-0.9526521008597094, 165.65325230734229]
247
	247/2017-07-21 18.48.56.jpg	1	[0.7665324773757776, 112.44998888394787]
	247/2017-07-21 18.48.54.jpg	0	[-0.27490984148067255, 162.0863967148385]
135
	135/img-2011-08-26-1040.JPG	1	[1.4078698679445238, 73.97972695272672]
	135/img-2011-08-26-1040-1.JPG	0	[-0.6489955589965009, 72.80109889280519]
270
	270/2019-05-14 18.28.59.jpg	1	[0.30195116183024934, 63.89053137985315]
	270/2019-05-14 18.29.46.jpg	1	[-0.12914729012802006, 77.64663547121665]
	270/2019-05-14 18.28.43.jpg	0	[-0.26916749278570046, 60.166435825965294]
311
	311/IMG_6384.JPG	1	[-0.5288512981438465, 370.63324189824095]
	311/IMG_6383.JPG	0	[-1.1127983751976749, 79.1580697086532]
325
	325/IMG_6655.JPG	0	[1.1108940186339262, 119.40686747419514]
	325/IMG_6657.JPG	0	[0.583870395662115, 67.11929677819934]
	325/IMG_6656.JPG	1	[-0.028769038817593337, 139.05754204644924]
130
	130/img-2011-08-16-1426.JPG	0	[0.23554498072086333, 51.419840528729765]
	130/img-2011-08-16-1427.JPG	1	[-0.04441521524691083, 90.08884503644167]
	130/img-2011-08-16-1427-1.JPG	0	[-1.1108940186339262, 238.81373494839028]
	130/img-2011-08-16-1427-3.JPG	0	[-1.2106031823770664, 82.28000972289685]
	130/img-2011-08-16-1427-2.JPG	0	[-1.2907710439633706, 159.20113064925135]
146
	146/img-2011-10-20-1238-1.JPG	1	[-1.5514937051762134, 259.04825805243314]
	146/img-2011-10-20-1238.JPG	0	[-1.5707963267948966, 223.0]
383
	383/IMG_8087.JPG	1	[1.317122230656254, 83.67795408588812]
	383/IMG_8088.JPG	0	[1.197069506829343, 54.78138369920935]
105
	105/img-2011-07-01-1229-2.JPG	0	[1.2490457723982544, 75.8946638440411]
	105/img-2011-07-01-1228.JPG	0	[-1.492012365805753, 76.23647421018367]
	105/img-2011-07-01-1229.JPG	1	[-1.5560915044170451, 136.01470508735443]
	105/img-2011-07-01-1229-1.JPG	0	[-1.5707963267948966, 103.0]
355
	355/IMG_0021.JPG	0	[1.00589192476412, 84.05950273467003]
	355/IMG_0024.JPG	1	[0.7270452415463067, 206.11889772653063]
	355/IMG_0018.JPG	0	[0.32773850678055544, 52.81098370604357]
	355/IMG_0006.JPG	1	[-1.1332865546774438, 68.4470598345904]
	355/IMG_0011.JPG	1	[-1.1937087397815234, 108.63240768757728]
324
	324/IMG_6650.JPG	1	[0.38729360320607636, 82.0792300158816]
	324/IMG_6649.JPG	1	[0.3851575063634742, 79.84985911070852]
	324/IMG_6651.JPG	1	[-0.5352737480901592, 99.98499887483122]
	324/IMG_6652.JPG	0	[-1.0069269680141963, 80.45495634204272]
155
	155/img-2011-10-24-2141.JPG	0	[-0.8895652110969073, 312.8226334522488]
	155/img-2011-10-24-2141-1.JPG	1	[-0.831608018430273, 244.92039523077696]
	155/img-2011-10-24-2141-3.JPG	0	[-1.3965258955432638, 144.183910336764]
	155/img-2011-10-24-2141-2.JPG	0	[-1.373400766945016, 81.58431221748455]
	155/img-2011-10-24-2142.JPG	0	[-1.5707963267948966, 118.0]
378
	378/IMG_5633.JPG	0	[0.6022873461349642, 97.082439194738]
	378/IMG_5632.JPG	0	[-0.07355129048853978, 95.25754563287887]
	378/IMG_5634.JPG	1	[-0.8893697153221066, 163.51758315239374]
267
	267/2019-05-13 10.38.24_69.jpg	1	[0.10244385350712444, 107.56393447619885]
	267/2019-05-13 10.38.24_71.jpg	0	[0.10801172470004632, 83.48652585896721]
	267/2019-05-13 10.38.24_70.jpg	0	[-0.20365852597754822, 93.94147114027967]
364
	364/IMG_7548.JPG	0	[-0.07228761639496206, 290.7593506664919]
	364/IMG_7550.JPG	1	[-0.09065988720074511, 287.17938644686876]
	364/IMG_7549.JPG	0	[-0.1347712844777311, 59.53990258641679]
186
	186/img-2011-12-12-2053-2.jpg	1	[0.6475910655379813, 195.6016359849784]
	186/img-2011-12-12-2053-1.jpg	0	[-0.7288547264526309, 187.6832437912346]
148
	148/img-2011-10-21-0957-1.JPG	1	[0.0, 65.0]
	148/img-2011-10-21-0956.JPG	0	[-0.6700328790815114, 165.85837331892532]
	148/img-2011-10-21-0956-1.JPG	0	[-0.7107074345756492, 104.23531071570709]
	148/img-2011-10-21-0957.JPG	0	[-1.5186696777492505, 115.15641536623133]
165
	165/img-2011-10-31-1020-1.JPG	1	[1.4244810387898663, 96.0260381354974]
	165/img-2011-10-31-1021-2.JPG	1	[0.39852244566642026, 82.46211251235322]
	165/img-2011-10-31-1021-1.JPG	0	[0.39608144156430747, 59.61543424315552]
	165/img-2011-10-31-1021.JPG	0	[-0.9453112865556675, 88.81441324469807]
	165/img-2011-10-31-1020-2.JPG	1	[-1.4787494779314898, 65.27633568147036]
	165/img-2011-10-31-1020.JPG	0	[-1.5707963267948966, 127.0]
218
	218/2017-01-15 10.21.59.jpg	1	[-0.13153190481418284, 259.2392717163046]
	218/2017-01-15 10.22.00.jpg	1	[-0.017542060057402487, 57.0087712549569]
	218/2017-01-15 10.21.57.jpg	0	[-0.11291966075260258, 97.62171889492625]
	218/2017-01-15 10.21.56.jpg	1	[-0.44899664271941275, 244.20483205702544]
144
	144/img-2011-10-20-0047-2.JPG	0	[-0.029694239606909516, 101.04454463255303]
	144/img-2011-10-20-0047-1.JPG	1	[0.0, 58.0]
	144/img-2011-10-20-0047.JPG	0	[-0.6055446636049701, 94.86832980505137]
112
	112/img-2011-07-08-1236.JPG	1	[-0.8899874978790691, 128.68954891520912]
	112/img-2011-07-08-1236-1.JPG	0	[-1.3892724499368059, 160.63934760823702]
345
	345/IMG_4129.JPG	0	[0.2528940650955976, 91.92388155425118]
	345/IMG_4127.JPG	1	[0.22679884805388587, 53.36665625650534]
	345/IMG_4128.JPG	1	[-0.4731259981306684, 94.36630754670864]
138
	138/img-2011-10-17-1531-4.jpg	1	[0.5633162614919681, 67.4166151627327]
	138/img-2011-10-17-1531-2.jpg	0	[0.4444192099010989, 116.29703349613007]
	138/img-2011-10-17-1531.jpg	0	[-0.4862426330875049, 79.17701686727027]
	138/img-2011-10-17-1531-1.jpg	0	[-0.7853981633974483, 82.02438661763951]
	138/img-2011-10-17-1531-3.jpg	0	[-1.1358293757493167, 109.16501271011697]
213
	213/2016-12-23 15.18.14.jpg	0	[1.4894161732149982, 282.936388610585]
	213/2016-12-23 15.18.00.jpg	1	[1.512040504079174, 51.088159097779204]
	213/2016-12-23 15.17.52.jpg	1	[0.2863521935879496, 187.6406139405859]
	213/2016-12-23 15.18.12.jpg	0	[-0.036347621019020664, 55.036351623268054]
	213/2016-12-23 15.18.08.jpg	0	[-0.220248723390689, 68.65857557508748]
	213/2016-12-23 15.18.18.jpg	0	[-0.3686959026580498, 94.33981132056604]
	213/2016-12-23 15.18.01.jpg	0	[-1.13770688807159, 102.45974819410792]
259
	259/2019-01-19 16.36.19.jpg	0	[-0.0299910048568779, 100.04498987955368]
	259/2019-01-19 16.36.32.jpg	1	[-0.43113874071878217, 110.07270324653611]
	259/2019-01-19 16.36.14.jpg	0	[-1.4719460047266302, 121.59358535712317]
156
	156/img-2011-10-25-0029-3.JPG	0	[-1.5707963267948966, 148.0]
	156/img-2011-10-25-0029-2.JPG	0	[-1.5707963267948966, 145.0]
	156/img-2011-10-25-0029-1.JPG	1	[-1.5707963267948966, 140.0]
314
	314/IMG_6408.JPG	1	[1.1923689487662197, 178.63930138690085]
	314/IMG_6409.JPG	0	[0.9886587586359528, 189.15602025840997]
205
	205/2016-10-31 10.44.25.jpg	0	[0.8737749495422971, 112.16059914247963]
	205/2016-10-31 10.45.10.jpg	1	[0.08919361259173315, 370.4726710568541]
	205/2016-10-31 10.45.12.jpg	0	[0.28053679173832197, 61.40032573203501]
	205/2016-10-31 10.44.06.jpg	0	[-0.030478363941045816, 328.1524036175874]
	205/2016-10-31 10.44.23.jpg	0	[0.11487660541689913, 52.3450093132096]
	205/2016-10-31 10.44.53.jpg	1	[-0.0791990709694515, 63.198101237299845]
	205/2016-10-31 10.45.11.jpg	0	[-0.37191763125078114, 151.34728276384746]
	205/2016-10-31 10.44.05.jpg	0	[-1.1525719972156676, 137.88400922514546]
140
	140/img-2011-10-17-1535-1.jpg	1	[-0.03894134309703925, 77.05841939723393]
	140/img-2011-10-17-1535.jpg	0	[-0.3438058010901571, 86.03487664894976]
351
	351/IMG_4951.JPG	0	[0.12435499454676144, 72.56031973468694]
	351/IMG_4952.JPG	0	[-0.17014506695836937, 230.32585612562042]
	351/IMG_4955.JPG	1	[-0.549853182676585, 363.59317925395686]
113
	113/img-2011-07-08-1243.JPG	0	[1.1347914444368148, 97.082439194738]
	113/img-2011-07-08-1243-1.JPG	1	[0.9499737749722288, 202.85216291674092]
382
	382/IMG_8074.JPG	1	[1.534448705775876, 55.036351623268054]
	382/IMG_8079.JPG	0	[1.489892227639666, 74.24284477308234]
	382/IMG_8078.JPG	0	[1.0435092797806103, 91.4166286842826]
	382/IMG_8082.JPG	0	[0.507098504392337, 61.773780845922005]
	382/IMG_8080.JPG	0	[0.34555558058171215, 53.14132102234569]
	382/IMG_8075.JPG	1	[-0.1555948279770297, 51.62363799656123]
	382/IMG_8083.JPG	0	[-0.7086262721276703, 92.19544457292888]
	382/IMG_8076.JPG	1	[-0.7509290623979403, 102.59142264341595]
	382/IMG_8077.JPG	0	[-0.8100845054530477, 114.58621208504974]
	382/IMG_8081.JPG	0	[-0.8685393952858895, 68.11754546370561]
356
	356/IMG_7118.JPG	1	[-0.7912008062006609, 365.58036052282677]
	356/IMG_7122.JPG	0	[-0.7328151017865066, 188.35073665903195]
	356/IMG_7119.JPG	0	[-0.7709064243319483, 146.38647478507022]
	356/IMG_7123.JPG	1	[-0.7938013269450953, 84.1486779456457]
	356/IMG_7121.JPG	0	[-0.8858342754462992, 91.67878707749138]
368
	368/IMG_7825.JPG	1	[-0.986051040717335, 85.14693182963201]
	368/IMG_7824.JPG	0	[-1.2722973952087173, 136.01470508735443]
160
	160/img-2011-10-27-0643.jpg	0	[0.2095045919357663, 307.7287766849243]
	160/img-2011-10-27-0642.jpg	1	[-1.2087089191011682, 70.57619995437555]
133
	133/img-2011-08-17-1205.JPG	0	[-0.4735157097243453, 135.95955280891445]
	133/img-2011-08-17-1204-5.JPG	1	[-1.5508984557217562, 201.03979705520993]
304
	304/IMG_6143.JPG	0	[0.9084841230924541, 138.2244551445221]
	304/IMG_6142.JPG	1	[-1.5554129250143014, 65.00769185258002]
231
	231/2017-08-17 07.13.00_1.jpg	0	[1.458068715204519, 53.33854141237835]
	231/2017-08-17 07.13.00.jpg	0	[-1.4181469983996315, 92.07062506576133]
	231/2017-08-17 07.12.58_1.jpg	1	[-1.4583691959647065, 62.39390995922599]
	231/2017-08-17 07.12.58.jpg	1	[-1.557976516321996, 78.00640999302557]
153
	153/img-2011-10-24-1426.jpg	1	[0.36657538984417876, 119.97082978791136]
	153/img-2011-10-24-1426-1.jpg	0	[-0.4339533693938966, 90.37698822156003]
384
	384/IMG_8597.JPG	1	[1.5520485235971522, 160.0281225285106]
	384/IMG_8593.JPG	1	[1.5529410816553442, 56.00892785976178]
	384/IMG_8594.JPG	0	[0.0, 92.0]
	384/IMG_8595.JPG	0	[0.0, 79.0]
	384/IMG_8602.JPG	0	[0.0, 69.0]
	384/IMG_8600.JPG	0	[-1.5707963267948966, 370.0]
	384/IMG_8599.JPG	0	[-1.5707963267948966, 247.0]
	384/IMG_8598.JPG	0	[-1.458068715204519, 53.33854141237835]
	384/IMG_8601.JPG	0	[-1.5707963267948966, 103.0]
	384/IMG_8596.JPG	0	[-1.5707963267948966, 76.0]
246
	246/2017-07-19 21.12.04.jpg	1	[0.6264451935687555, 93.81364506296512]
	246/2017-07-19 21.11.58.jpg	0	[-0.3124915597345191, 204.9243762952568]
	246/2017-07-19 21.12.03.jpg	0	[-1.5707963267948966, 211.0]
134
	134/img-2011-08-22-2104.JPG	1	[-0.5467888408892474, 80.77747210701756]
	134/img-2011-08-22-2103.JPG	0	[-1.3561114235868075, 136.12494260788506]
101
	101/img-2011-07-01-1103-3.JPG	1	[1.4930313871921643, 77.23341245859851]
	101/img-2011-07-01-1103-2.JPG	0	[0.14725175576814542, 211.28653530218153]
	101/img-2011-07-01-1103.JPG	0	[0.17176015132820327, 99.46356116689167]
	101/img-2011-07-01-1103-1.JPG	0	[-0.050803704058221655, 118.15244390193544]
	101/img-2011-07-01-1103-4.JPG	0	[-0.194365266095018, 129.43724348115578]
	101/img-2011-07-01-1103-5.JPG	0	[-1.5530676879723229, 282.04432275796654]
120
	120/img-2011-07-16-1747-4.JPG	0	[0.3268266529299407, 249.19069003476034]
	120/img-2011-07-16-1748.JPG	1	[-1.4896739346939956, 123.40583454602137]
315
	315/IMG_6463.JPG	1	[0.49209521717082866, 110.05907504608605]
	315/IMG_6461.JPG	0	[0.06769302269396865, 59.135437767890075]
	315/IMG_6462.JPG	1	[-0.3097029445424562, 52.49761899362675]
275
	275/2019-06-06 17.57.57.jpg	0	[0.4287780274460164, 76.96752561957543]
	275/2019-06-06 17.57.58.jpg	1	[0.08715727455428322, 103.39245620450265]
369
	369/IMG_7867.JPG	1	[1.4940244355251187, 78.23042886243178]
	369/IMG_7868.JPG	0	[0.8696427416568445, 159.66527487215245]
	369/IMG_7869.JPG	0	[-1.5707963267948966, 201.0]
185
	185/img-2011-11-23-1727-3.JPG	0	[1.1296168463799159, 119.4361754243663]
	185/img-2011-11-23-1727-2.JPG	1	[-1.1150225708181911, 56.79788728465171]
302
	302/IMG_6120.JPG	0	[0.25044308961135187, 88.76936408468859]
	302/IMG_6121.JPG	0	[0.0074904966098643345, 267.0074905316328]
	302/IMG_6122.JPG	1	[0.0, 61.0]
158
	158/img-2011-10-25-1259-1.jpg	1	[1.5286526202012993, 166.14752480852673]
	158/img-2011-10-25-1259.jpg	0	[0.0, 67.0]
374
	374/IMG_5592.JPG	1	[0.3423965879308605, 107.2240644631605]
	374/IMG_5593.JPG	0	[-0.16219883346338237, 55.731499172371095]
366
	366/IMG_7720.JPG	0	[1.3515224203171994, 179.2930561957155]
	366/IMG_7721.JPG	1	[0.42912679367130335, 298.02181128232877]
	366/IMG_7723.JPG	0	[-0.04985884370634331, 501.6233646870927]
	366/IMG_7719.JPG	0	[-0.12988562027360284, 470.9670901453731]
	366/IMG_7722.JPG	1	[0.12509191408912193, 168.31518053936787]
	366/IMG_7718.JPG	0	[-0.2107950928498414, 234.18368858654523]
167
	167/img-2011-11-04-1245-1.JPG	1	[-1.0729739941778955, 104.70912090166739]
	167/img-2011-11-04-1245.JPG	0	[-1.5350972141155725, 56.0357029044876]
249
	249/2017-08-10 11.10.49.jpg	1	[-1.458068715204519, 53.33854141237835]
	249/2017-08-10 11.10.41.jpg	0	[-1.5707963267948966, 150.0]
100
	100/img-2011-07-01-0955-1.JPG	0	[1.5437758776076318, 74.02702209328699]
	100/img-2011-07-01-0955.JPG	1	[1.2106031823770664, 82.28000972289685]
122
	122/img-2011-07-24-1211.JPG	1	[-0.5123894603107377, 128.50291825480073]
	122/img-2011-07-24-1211-1.JPG	0	[-0.8130154492789906, 128.03515142334936]
363
	363/IMG_7536.JPG	0	[0.4503740523166315, 101.07917688624102]
	363/IMG_7540.JPG	1	[-0.07216362895965758, 166.43316977093238]
	363/IMG_7538.JPG	0	[-0.1920480172407301, 73.348483283569]
253
	253/2018-04-21 19.53.18.jpg	0	[1.173025478130882, 129.07749610214788]
	253/2018-04-21 19.53.28.jpg	0	[0.8482874140047724, 281.27744310555727]
	253/2018-04-21 19.53.23.jpg	0	[0.16910122600137703, 457.5259555478793]
	253/2018-04-21 19.53.26.jpg	1	[0.20922155253553004, 298.50963133540597]
343
	343/IMG_0159.JPG	0	[1.2296478530425003, 179.3348822733603]
	343/IMG_0158.JPG	0	[0.8496871288406961, 330.1938824387878]
	343/IMG_0161.JPG	1	[0.747615465058224, 205.91503102007877]
308
	308/IMG_6268.JPG	0	[1.3903005663328611, 139.26234236145822]
	308/IMG_6267.JPG	1	[0.8253768505207384, 123.84264209067892]
	308/IMG_6269.JPG	1	[0.2662520491509254, 125.41929676090518]
103
	103/img-2011-07-01-1126-3.JPG	0	[0.6435011087932844, 65.0]
	103/img-2011-07-01-1126-5.JPG	1	[0.348771003583907, 117.04699910719626]
	103/img-2011-07-01-1126-2.JPG	1	[0.38549386692932924, 74.46475676452586]
	103/img-2011-07-01-1127-1.JPG	0	[-0.12803821914325536, 336.7565886512096]
	103/img-2011-07-01-1126-1.JPG	0	[0.08931399299322221, 67.26812023536856]
	103/img-2011-07-01-1126.JPG	0	[-0.0302937599187751, 66.03029607687671]
	103/img-2011-07-01-1127.JPG	0	[-1.0287970490075655, 217.1174797200815]
370
	370/IMG_7884.JPG	1	[0.5087298243155532, 178.61970775925036]
	370/IMG_7883.JPG	0	[-0.1117519114864857, 403.517038054157]
	370/IMG_7881.JPG	0	[0.008620476112136321, 232.0086205294967]
	370/IMG_7882.JPG	0	[-0.13277584812960974, 294.5929394944828]
200
	200/2016-09-17 15.24.06.jpg	0	[1.313472611823808, 58.9406481131655]
	200/2016-09-17 15.23.47.jpg	1	[0.2714784823989145, 100.68763578513501]
	200/2016-09-17 15.24.05.jpg	0	[-0.09065988720074511, 66.27216610312357]
	200/2016-09-17 15.24.04.jpg	0	[-0.4078679679739101, 88.23831367382311]
	200/2016-09-17 15.23.56.jpg	0	[-0.6246354227716135, 106.01886624558857]
	200/2016-09-17 15.24.09.jpg	1	[-0.690446457054692, 89.49860334105779]
362
	362/IMG_7495.JPG	0	[0.746456820300409, 108.97706180660222]
	362/IMG_7498.JPG	0	[0.29271307522399714, 76.24303246854758]
	362/IMG_7494.JPG	0	[0.028563657838759995, 140.05713120009278]
	362/IMG_7497.JPG	0	[0.0, 66.0]
	362/IMG_7496.JPG	1	[-0.21264492235777152, 90.02777349240623]
260
	260/2019-01-19 16.42.17.jpg	0	[0.946160904023283, 106.01886624558857]
	260/2019-01-19 16.42.07.jpg	1	[-0.971503880361011, 343.93604056568427]
163
	163/img-2011-10-27-1333.jpg	1	[-0.6840516601317805, 83.86894538504703]
	163/img-2011-10-27-1333-1.jpg	0	[-1.3335216714955327, 157.4102919125684]
265
	265/2019-05-13 10.38.24_35.jpg	1	[1.413379454068306, 127.57742747053649]
	265/2019-05-13 10.38.24_34.jpg	0	[0.9891428442813053, 174.73408368146153]
162
	162/img-2011-10-27-1232-3.jpg	1	[1.1931430089883313, 130.17296186228538]
	162/img-2011-10-27-1232-2.jpg	1	[0.14562838057082264, 75.8023746329889]
	162/img-2011-10-27-1232-1.jpg	0	[-1.5707963267948966, 180.0]
	162/img-2011-10-27-1232.jpg	0	[-1.5572836357815685, 74.00675644831355]
107
	107/img-2011-07-01-1633.JPG	0	[1.1708920303267776, 105.30906893520614]
	107/img-2011-07-01-1631.JPG	0	[1.0875433869368858, 114.06138698087096]
	107/img-2011-07-01-1631-2.JPG	0	[0.5302157727766299, 134.46189051177288]
	107/img-2011-07-01-1630-1.JPG	0	[0.20401797959254858, 59.22837157984339]
	107/img-2011-07-01-1630.JPG	0	[0.16743177847052315, 72.00694410957877]
	107/img-2011-07-01-1633-1.JPG	0	[0.06807645825799948, 88.20430828479978]
	107/img-2011-07-01-1631-1.JPG	0	[-0.12786991855999988, 70.57619995437555]
	107/img-2011-07-01-1633-2.JPG	0	[-0.23602367862589738, 81.25269226308751]
	107/img-2011-07-01-1633-3.JPG	1	[-0.7772682612175044, 86.97700845625813]
143
	143/img-2011-10-19-1349-1.JPG	0	[1.5024099832043931, 73.17103251970687]
	143/img-2011-10-19-1349.JPG	0	[0.14915714867194246, 370.10944327320266]
	143/img-2011-10-19-1350.JPG	0	[0.260602391747341, 77.62087348130012]
	143/img-2011-10-19-1350-1.JPG	1	[0.11942892601833845, 75.53806987208503]
219
	219/2017-01-28 20.16.09.jpg	0	[1.3991682584140166, 76.11832893594026]
	219/2017-01-28 20.16.22.jpg	1	[0.7309067071567171, 194.74342094150447]
	219/2017-01-28 20.16.20.jpg	0	[0.1131509815904845, 177.13271860387624]
	219/2017-01-28 20.16.21.jpg	1	[0.09148701687150786, 109.45775440780794]
	219/2017-01-28 20.16.19.jpg	0	[0.04107277859045407, 73.06161783043132]
	219/2017-01-28 20.16.10.jpg	0	[-1.0104364498900535, 60.207972893961475]
243
	243/IMG_20190330_181306.jpg	1	[1.0088747645380813, 63.812224534175265]
	243/IMG_20190330_181238.jpg	0	[0.8102686562090534, 142.1724305201258]
	243/IMG_20190330_181301.jpg	0	[0.6010737544977492, 84.87638069569178]
	243/IMG_20190330_181235.jpg	1	[0.3085062957319131, 95.50916186418976]
	243/IMG_20190330_181236.jpg	0	[0.2513277841608404, 76.40026177965623]
	243/IMG_20190330_181318.jpg	1	[0.18998828791871572, 79.42921376924235]
	243/IMG_20190330_181234.jpg	1	[0.047583103276983396, 189.21416437465774]
	243/IMG_20190330_181241.jpg	0	[-0.3805063771123649, 53.85164807134504]
	243/IMG_20190330_181312.jpg	0	[-0.7506898851721734, 203.7694775966214]
	243/IMG_20190330_181235(1).jpg	0	[-1.5098549323554822, 295.5486423585803]
373
	373/IMG_5567.JPG	0	[0.9901263141007813, 302.59709185648165]
	373/IMG_5566.JPG	1	[-0.8925807633911286, 224.73539997072112]
	373/IMG_5568.JPG	1	[-0.9090878220477077, 131.82184947875675]
360
	360/IMG_7401.JPG	1	[0.27002561614486076, 116.21101496846157]
	360/IMG_7403.JPG	0	[-0.9933567106503824, 78.77182237323191]
273
	273/2019-05-26 17.30.36.jpg	0	[-1.1751067347403141, 85.61541917201598]
	273/2019-05-26 17.30.34.jpg	0	[-1.32268287769822, 77.3692445355388]
	273/2019-05-26 17.30.37.jpg	1	[-1.5366216031787014, 117.06835610018618]
172
	172/img-2011-11-06-1207-1.JPG	0	[1.5294761896455806, 387.3306081372863]
	172/img-2011-11-06-1207.JPG	0	[1.5327918208578328, 263.1900454044567]
	172/img-2011-11-06-1207-2.JPG	1	[0.5079733948077837, 111.01801655587259]
228
	228/2017-04-28 14.20.39.jpg	0	[-0.7119375183038742, 163.783393541592]
	228/2017-04-28 14.20.47.jpg	1	[-0.6483319890872606, 82.80096617793781]
	228/2017-04-28 14.20.44_1.jpg	0	[-0.8339037756378318, 145.83552379307312]
	228/2017-04-28 14.20.49.jpg	0	[-0.9151007005533605, 131.20975573485381]
	228/2017-04-28 14.20.48.jpg	0	[-0.9479717392079131, 135.4289481610191]
	228/2017-04-28 14.20.46.jpg	1	[-1.013255212114548, 100.16985574512923]
250
	250/2017-08-31 19.42.50.jpg	0	[1.4233591626669586, 102.1077861869505]
	250/2017-08-31 19.42.51.jpg	1	[0.829229721123086, 161.37533888422976]
251
	251/2017-11-26 15.00.30.jpg	1	[1.549672708629533, 142.03168660548954]
	251/2017-11-26 15.00.36.jpg	0	[0.9884957284496407, 389.12851347594665]
	251/2017-11-26 15.00.31.jpg	0	[-0.011151954025614388, 269.0167281044062]
	251/2017-11-26 15.00.20.jpg	0	[-0.28309578529949553, 57.28001396647874]
	251/2017-11-26 15.00.23.jpg	0	[-0.46987805797568694, 143.55835050598765]
125
	125/img-2011-07-24-1343-1.JPG	1	[0.6867099027490418, 143.5339681051144]
	125/img-2011-07-24-1343.JPG	0	[0.6515871859228576, 74.2024258363566]
170
	170/img-2011-11-06-1205-7.JPG	0	[1.5304142512303966, 297.24232538452526]
	170/img-2011-11-06-1205-6.JPG	0	[1.5495229407708355, 188.04254837669055]
	170/img-2011-11-06-1206-1.JPG	1	[1.5430256902014756, 72.02777242147643]
328
	328/IMG_6694.JPG	1	[0.8893169420887396, 231.76712450216058]
	328/IMG_6693.JPG	1	[1.0121970114513341, 94.33981132056604]
	328/IMG_6692.JPG	0	[0.04934263225296999, 162.19741058352318]
271
	271/2019-05-16 20.47.29.jpg	1	[0.25800724186395513, 74.46475676452586]
	271/2019-05-16 20.47.28.jpg	0	[-0.030707068430062018, 293.1381926668717]
	271/2019-05-16 20.47.26.jpg	0	[-0.07030646411862446, 142.35167719419397]
	271/2019-05-16 20.47.30.jpg	1	[-0.02563540852167748, 78.02563681252464]
372
	372/IMG_7992.JPG	0	[1.1498662541004923, 450.30767259730317]
	372/IMG_7991.JPG	1	[0.7086262721276703, 110.63453348751464]
	372/IMG_7993.JPG	0	[-0.20917126674466074, 399.71239660535923]
245
	245/IMG_20190511_111728.jpg	0	[0.9097531579442097, 148.22280526288793]
	245/IMG_20190511_111729.jpg	1	[0.8115701964986864, 135.10366390294527]
	245/IMG_20190511_111651.jpg	0	[0.7853981633974483, 120.20815280171308]
	245/IMG_20190511_111650.jpg	0	[0.32709809700579284, 59.135437767890075]
	245/IMG_20190511_111714.jpg	0	[0.03064174737717955, 261.1225765804252]
	245/IMG_20190511_111712.jpg	1	[-0.020830320036217084, 96.02083107326243]
	245/IMG_20190511_111727.jpg	0	[-1.3813161689137492, 74.33034373659252]
233
	233/202_Bad.jpg	0	[-1.3686763926454029, 124.53513560437472]
	233/201_Good.jpg	1	[-1.5048543370136265, 106.23088063270491]
119
	119/img-2011-07-16-1747-3.JPG	1	[1.3083369269686203, 69.3757882838098]
	119/img-2011-07-16-1747-2.JPG	0	[-0.011235482257962729, 89.00561780022652]
215
	215/2017-01-02 10.11.51.jpg	1	[1.4312140828710178, 244.37675830569486]
	215/2017-01-02 10.11.48.jpg	0	[1.1127983751976749, 79.1580697086532]
	215/2017-01-02 10.11.55.jpg	0	[-0.9146731674455914, 142.61135999632006]
	215/2017-01-02 10.11.57.jpg	1	[-0.9336242474178141, 158.00316452527144]
	215/2017-01-02 10.11.45.jpg	0	[-1.373400766945016, 76.48529270389177]
139
	139/img-2011-10-17-1533-1.jpg	1	[-1.1744953944527268, 152.84632805533798]
	139/img-2011-10-17-1533.jpg	0	[-1.558451274950672, 81.00617260431454]
106
	106/img-2011-07-01-1629-2.JPG	0	[0.449759613069839, 64.40496875241847]
	106/img-2011-07-01-1629.JPG	0	[0.32724500459985867, 115.10864433221339]
	106/img-2011-07-01-1629-1.JPG	1	[0.10827059086045604, 138.81282361511128]
	106/img-2011-07-01-1629-3.JPG	0	[0.03277514440407577, 61.032778078668514]
269
	269/2019-05-13 10.38.44_61.jpg	0	[1.5294975084252904, 121.10326172320876]
	269/2019-05-13 10.38.44_63.jpg	1	[1.5454852776520482, 79.02531240052139]
	269/2019-05-13 10.38.44_62.jpg	0	[-1.3439974787410107, 53.36665625650534]
332
	332/IMG_6819.JPG	0	[0.73139666302148, 209.60916010518244]
	332/IMG_6820.JPG	1	[0.7853981633974483, 101.82337649086284]
	332/IMG_6818.JPG	0	[-1.3092788547758902, 351.96732802917944]
232
	232/103_Bad.jpg	1	[0.14997643131931654, 227.55438910291315]
	232/102_Good.jpg	1	[-0.010525927031725415, 95.00526301210897]
	232/101_Bad.jpg	0	[-0.7483780475235183, 95.524865872714]
	232/104_Good.jpg	0	[-1.4940244355251187, 65.19202405202648]
118
	118/img-2011-07-16-1747-1.JPG	1	[1.1314354395103052, 110.4943437466371]
	118/img-2011-07-16-1747.JPG	0	[-1.429485095205146, 241.40629652103112]
331
	331/IMG_6817.JPG	1	[1.0488647044323658, 222.64321233758733]
	331/IMG_6816.JPG	0	[0.40588879492781316, 131.70041761513136]
174
	174/img-2011-11-06-1237-3.JPG	1	[1.5131678993174227, 104.17293314484334]
	174/img-2011-11-06-1237-8.JPG	0	[1.4648119688052967, 94.53041838477179]
	174/img-2011-11-06-1237-4.JPG	1	[0.22923193327699534, 61.61168720299745]
	174/img-2011-11-06-1237-2.JPG	0	[0.14189705460416394, 56.568542494923804]
	174/img-2011-11-06-1237-5.JPG	0	[-0.16514867741462683, 72.99315036357864]
	174/img-2011-11-06-1237-7.JPG	0	[-1.4181469983996315, 52.61178575186362]
	174/img-2011-11-06-1237-6.JPG	0	[-1.5707963267948966, 74.0]
