274
	274/2019-05-29 17.44.42.jpg	0	[54.0, 90.0]
	274/2019-05-29 17.44.40.jpg	0	[28.0, 64.0]
	274/2019-05-29 17.44.41.jpg	1	[25.0, 61.0]
129
	129/img-2011-07-30-1329-1.JPG	1	[35.0, 98.0]
	129/img-2011-07-30-1329-2.JPG	0	[25.0, 73.0]
303
	303/IMG_6127.JPG	1	[31.0, 87.0]
	303/IMG_6123.JPG	0	[16.0, 76.0]
137
	137/img-2011-09-18-1513.JPG	1	[27.0, 77.0]
	137/img-2011-09-18-1513-1.JPG	0	[22.0, 71.0]
344
	344/IMG_20190501_200322_1.jpg	1	[44.0, 86.0]
	344/IMG_20190501_200326.jpg	0	[40.0, 81.0]
	344/IMG_20190501_200320.jpg	0	[41.0, 77.0]
	344/IMG_20190501_200324.jpg	0	[34.0, 78.0]
	344/IMG_20190501_200323.jpg	0	[35.0, 77.0]
131
	131/img-2011-08-17-1149-1.JPG	0	[9.0, 46.0]
	131/img-2011-08-17-1150.JPG	1	[10.0, 42.0]
	131/img-2011-08-17-1149.JPG	0	[7.0, 36.0]
109
	109/img-2011-07-04-1516-5.JPG	0	[88.0, 127.0]
	109/img-2011-07-04-1516-4.JPG	1	[66.0, 111.0]
	109/img-2011-07-04-1516-3.JPG	0	[39.0, 89.0]
	109/img-2011-07-04-1516.JPG	0	[37.0, 86.0]
	109/img-2011-07-04-1516-1.JPG	1	[31.0, 76.0]
	109/img-2011-07-04-1516-2.JPG	0	[25.0, 71.0]
220
	220/2017-01-28 20.16.58.jpg	1	[10.0, 25.0]
	220/2017-01-28 20.16.57.jpg	0	[10.0, 24.0]
	220/2017-01-28 20.17.02.jpg	0	[9.0, 24.0]
	220/2017-01-28 20.17.18.jpg	0	[9.0, 24.0]
	220/2017-01-28 20.16.55.jpg	0	[9.0, 23.0]
	220/2017-01-28 20.17.01.jpg	0	[10.0, 22.0]
	220/2017-01-28 20.17.07.jpg	0	[8.0, 21.0]
	220/2017-01-28 20.17.17.jpg	0	[10.0, 20.0]
	220/2017-01-28 20.17.32.jpg	0	[7.0, 20.0]
145
	145/img-2011-10-20-1237-2.JPG	1	[10.0, 54.0]
	145/img-2011-10-20-1237-3.JPG	0	[10.0, 45.0]
	145/img-2011-10-20-1237.JPG	0	[9.0, 31.0]
	145/img-2011-10-20-1237-1.JPG	0	[8.0, 27.0]
104
	104/img-2011-07-01-1224-2.JPG	0	[38.0, 93.0]
	104/img-2011-07-01-1224-3.JPG	1	[40.0, 91.0]
	104/img-2011-07-01-1224-1.JPG	0	[38.0, 91.0]
377
	377/IMG_5615.JPG	0	[12.0, 88.0]
	377/IMG_5614.JPG	1	[11.0, 85.0]
336
	336/IMG_6892.JPG	1	[10.0, 54.0]
	336/IMG_6893.JPG	0	[9.0, 22.0]
354
	354/IMG_0015.JPG	1	[28.0, 92.0]
	354/IMG_0017.JPG	0	[28.0, 86.0]
159
	159/img-2011-10-27-0444-2.JPG	0	[12.0, 56.0]
	159/img-2011-10-27-0444.JPG	1	[9.0, 38.0]
	159/img-2011-10-27-0444-1.JPG	0	[5.0, 31.0]
222
	222/2017-01-31 20.11.51.jpg	1	[22.0, 69.0]
	222/2017-01-31 20.11.49.jpg	1	[21.0, 65.0]
	222/2017-01-31 20.11.51_1.jpg	0	[10.0, 31.0]
225
	225/2017-02-11 20.45.48.jpg	1	[29.0, 61.0]
	225/2017-02-11 20.45.48_1.jpg	0	[27.0, 59.0]
	225/2017-02-11 20.45.36.jpg	0	[25.0, 57.0]
	225/2017-02-11 20.46.13.jpg	0	[20.0, 50.0]
	225/2017-02-11 20.46.12.jpg	1	[17.0, 47.0]
254
	254/2018-05-28 08.47.20.jpg	1	[16.0, 46.0]
	254/2018-05-28 08.47.18.jpg	0	[7.0, 27.0]
333
	333/IMG_6834.JPG	0	[14.0, 66.0]
	333/IMG_6837.JPG	1	[15.0, 64.0]
	333/IMG_6836.JPG	0	[14.0, 64.0]
	333/IMG_6835.JPG	0	[13.0, 62.0]
	333/IMG_6833.JPG	0	[8.0, 46.0]
339
	339/IMG_6950.JPG	1	[21.0, 82.0]
	339/IMG_6951.JPG	0	[18.0, 72.0]
367
	367/IMG_7822.JPG	1	[31.0, 96.0]
	367/IMG_7823.JPG	0	[30.0, 93.0]
	367/IMG_7821.JPG	0	[27.0, 86.0]
371
	371/IMG_7982.JPG	0	[93.0, 127.0]
	371/IMG_7981.JPG	0	[93.0, 127.0]
	371/IMG_7980.JPG	1	[86.0, 127.0]
175
	175/img-2011-11-06-1240.JPG	0	[13.0, 55.0]
	175/img-2011-11-06-1240-3.JPG	1	[11.0, 53.0]
	175/img-2011-11-06-1240-1.JPG	0	[10.0, 49.0]
	175/img-2011-11-06-1240-2.JPG	0	[6.0, 40.0]
335
	335/IMG_6862.JPG	1	[23.0, 79.0]
	335/IMG_6861.JPG	0	[21.0, 76.0]
	335/IMG_6863.JPG	1	[20.0, 73.0]
	335/IMG_6864.JPG	0	[20.0, 72.0]
	335/IMG_6865.JPG	0	[18.0, 71.0]
268
	268/2019-05-13 10.38.24_78.jpg	0	[55.0, 118.0]
	268/2019-05-13 10.38.24_77.jpg	0	[50.0, 113.0]
	268/2019-05-13 10.38.24_80.jpg	1	[50.0, 109.0]
	268/2019-05-13 10.38.24_79.jpg	0	[33.0, 99.0]
350
	350/IMG_4912.JPG	0	[21.0, 48.0]
	350/IMG_4913.JPG	1	[18.0, 46.0]
320
	320/IMG_6559.JPG	0	[10.0, 50.0]
	320/IMG_6558.JPG	1	[8.0, 50.0]
242
	242/IMG_1394.JPG	0	[22.0, 61.0]
	242/IMG_1393.JPG	1	[22.0, 58.0]
258
	258/2019-01-02 21.02.56.jpg	1	[10.0, 49.0]
	258/2019-01-02 21.03.00.jpg	0	[9.0, 47.139999999984866]
	258/2019-01-02 21.03.07.jpg	0	[9.0, 42.0]
	258/2019-01-02 21.03.02.jpg	0	[8.0, 41.0]
	258/2019-01-02 21.02.52.jpg	0	[5.0, 35.0]
319
	319/IMG_6552.JPG	0	[21.0, 63.0]
	319/IMG_6551.JPG	1	[22.0, 62.0]
	319/IMG_6550.JPG	0	[15.0, 64.0]
234
	234/302_Good.jpg	1	[13.0, 51.0]
	234/301_Bad.jpg	0	[13.0, 50.0]
	234/303_Bad.jpg	0	[13.0, 48.0]
201
	201/2016-09-19 17.35.28.jpg	1	[11.0, 54.0]
	201/2016-09-19 17.35.29.jpg	0	[12.0, 53.0]
166
	166/img-2011-11-26-2031.JPG	1	[15.0, 68.0]
	166/img-2011-11-13-0807-1.JPG	0	[11.0, 59.0]
385
	385/IMG_8611.JPG	1	[61.0, 107.0]
	385/IMG_8610.JPG	0	[55.0, 103.0]
	385/IMG_8607.JPG	0	[48.0, 94.0]
	385/IMG_8609.JPG	0	[50.0, 93.0]
266
	266/2019-05-13 10.38.24_56.jpg	0	[14.0, 54.0]
	266/2019-05-13 10.38.24_54.jpg	1	[13.0, 53.0]
	266/2019-05-13 10.38.24_55.jpg	0	[12.0, 53.0]
214
	214/2016-12-31 20.25.58.jpg	1	[22.0, 74.0]
	214/2016-12-31 20.25.57.jpg	1	[22.0, 74.0]
	214/2016-12-31 20.25.55.jpg	1	[19.0, 68.0]
	214/2016-12-31 20.25.48.jpg	0	[18.0, 66.0]
	214/2016-12-31 20.26.06.jpg	0	[17.0, 63.0]
	214/2016-12-31 20.26.09.jpg	0	[18.0, 62.0]
	214/2016-12-31 20.26.10.jpg	0	[15.0, 53.0]
365
	365/IMG_7703.JPG	0	[24.0, 75.0]
	365/IMG_7704.JPG	1	[15.0, 58.0]
	365/IMG_7705.JPG	0	[15.0, 55.0]
173
	173/img-2011-11-06-1237-1.JPG	1	[8.0, 46.0]
	173/img-2011-11-06-1237.JPG	0	[9.0, 42.0]
102
	102/img-2011-07-01-1103-7.JPG	0	[25.0, 79.0]
	102/img-2011-07-01-1103-6.JPG	1	[18.0, 66.0]
326
	326/IMG_6670.JPG	0	[18.0, 78.0]
	326/IMG_6671.JPG	1	[14.0, 67.0]
224
	224/2017-02-11 20.39.21.jpg	0	[23.0, 61.0]
	224/2017-02-11 20.39.22.jpg	1	[20.0, 57.0]
	224/2017-02-11 20.39.26.jpg	1	[25.0, 52.0]
229
	229/2017-05-13 19.46.10.jpg	1	[44.0, 108.0]
	229/2017-05-13 19.46.09.jpg	0	[42.0, 105.0]
	229/2017-05-13 19.46.11.jpg	0	[41.0, 101.13999999998488]
176
	176/img-2011-11-07-0127-2.JPG	1	[31.0, 63.0]
	176/img-2011-11-07-0127-3.JPG	0	[9.0, 48.0]
	176/img-2011-11-07-0127.JPG	0	[9.0, 48.0]
	176/img-2011-11-07-0127-1.JPG	1	[11.0, 45.0]
	176/img-2011-11-07-0127-4.JPG	1	[11.0, 45.0]
252
	252/2017-12-24 19.21.14.jpg	0	[14.0, 41.0]
	252/2017-12-24 19.21.11.jpg	1	[13.0, 39.0]
	252/2017-12-24 19.20.56.jpg	0	[11.0, 21.0]
180
	180/img-2011-11-11-1710-1.jpg	0	[39.0, 99.0]
	180/img-2011-11-11-1710.jpg	1	[34.0, 88.0]
	180/img-2011-11-11-1711.jpg	1	[28.0, 59.0]
223
	223/2017-02-04 13.28.52.jpg	0	[35.0, 100.0]
	223/2017-02-04 13.28.54.jpg	0	[36.0, 99.0]
	223/2017-02-04 13.28.59.jpg	1	[29.0, 90.0]
346
	346/IMG_4842.JPG	1	[32.0, 84.0]
	346/IMG_4841.JPG	0	[26.0, 77.0]
255
	255/2017-08-27 15.17.53.jpg	1	[48.0, 117.0]
	255/2017-08-27 15.18.01.jpg	0	[43.0, 110.0]
	255/2017-08-27 15.18.03.jpg	0	[45.0, 109.0]
	255/2017-08-27 15.17.59.jpg	0	[44.0, 108.0]
300
	300/IMG_6060.JPG	0	[45.0, 101.0]
	300/IMG_6062.JPG	1	[40.0, 97.0]
262
	262/2019-01-20 15.36.08.jpg	1	[26.0, 86.0]
	262/2019-01-20 15.36.07.jpg	0	[22.0, 67.0]
313
	313/IMG_6397.JPG	1	[49.0, 104.0]
	313/IMG_6399.JPG	0	[47.0, 100.0]
	313/IMG_6401.JPG	1	[45.0, 99.0]
272
	272/2019-05-26 17.30.13.jpg	1	[23.0, 77.0]
	272/2019-05-26 17.30.14.jpg	0	[21.0, 72.0]
	272/2019-05-26 17.30.15.jpg	0	[18.0, 70.0]
	272/2019-05-26 17.30.11.jpg	0	[13.0, 69.0]
	272/2019-05-26 17.30.11_1.jpg	0	[18.0, 67.0]
	272/2019-05-26 17.30.10.jpg	0	[16.0, 65.0]
	272/2019-05-26 17.30.06.jpg	0	[8.0, 43.0]
248
	248/2017-07-30 09.13.13.jpg	1	[58.0, 104.0]
	248/2017-07-30 09.13.09.jpg	0	[41.0, 93.0]
	248/2017-07-30 09.13.09_1.jpg	0	[39.0, 90.0]
264
	264/2019-05-13 10.38.24_12.jpg	0	[26.0, 85.0]
	264/2019-05-13 10.38.24_15.jpg	1	[26.0, 83.0]
	264/2019-05-13 10.38.24_13.jpg	0	[9.0, 51.0]
	264/2019-05-13 10.38.24_14.jpg	0	[13.0, 36.0]
108
	108/img-2011-07-04-1406.JPG	0	[71.0, 127.0]
	108/img-2011-07-04-1406-2.JPG	1	[65.0, 125.0]
	108/img-2011-07-04-1406-1.JPG	0	[53.0, 120.0]
169
	169/img-2011-11-06-1205.JPG	0	[16.0, 66.0]
	169/img-2011-11-06-1205-1.JPG	0	[15.0, 62.0]
	169/img-2011-11-06-1205-2.JPG	1	[14.0, 57.0]
	169/img-2011-11-06-1205-3.JPG	0	[10.0, 52.0]
	169/img-2011-11-06-1205-4.JPG	0	[7.0, 50.0]
	169/img-2011-11-06-1205-5.JPG	1	[8.0, 47.0]
178
	178/img-2011-11-08-1241-6.jpg	1	[26.0, 64.0]
	178/img-2011-11-08-1241-5.jpg	0	[6.0, 34.0]
256
	256/2018-02-22 11.15.44.jpg	1	[40.0, 99.0]
	256/2018-02-22 11.15.45.jpg	0	[38.0, 95.0]
	256/2018-02-22 11.15.42.jpg	0	[24.0, 76.0]
312
	312/IMG_6392.JPG	0	[52.0, 104.0]
	312/IMG_6391.JPG	1	[51.0, 93.0]
247
	247/2017-07-21 18.48.54.jpg	0	[20.0, 59.0]
	247/2017-07-21 18.48.56.jpg	1	[12.0, 49.0]
135
	135/img-2011-08-26-1040-1.JPG	0	[12.0, 42.0]
	135/img-2011-08-26-1040.JPG	1	[9.0, 37.0]
270
	270/2019-05-14 18.28.59.jpg	1	[18.0, 49.0]
	270/2019-05-14 18.28.43.jpg	0	[18.0, 48.0]
	270/2019-05-14 18.29.46.jpg	1	[18.0, 48.0]
311
	311/IMG_6384.JPG	1	[51.0, 87.0]
	311/IMG_6383.JPG	0	[50.0, 83.0]
325
	325/IMG_6655.JPG	0	[21.0, 67.0]
	325/IMG_6657.JPG	0	[19.0, 65.0]
	325/IMG_6656.JPG	1	[18.0, 65.0]
130
	130/img-2011-08-16-1427.JPG	1	[27.0, 52.0]
	130/img-2011-08-16-1427-1.JPG	0	[11.0, 46.0]
	130/img-2011-08-16-1427-2.JPG	0	[9.0, 45.0]
	130/img-2011-08-16-1427-3.JPG	0	[9.0, 37.0]
	130/img-2011-08-16-1426.JPG	0	[7.0, 28.0]
146
	146/img-2011-10-20-1238.JPG	0	[11.0, 55.0]
	146/img-2011-10-20-1238-1.JPG	1	[12.0, 53.0]
383
	383/IMG_8088.JPG	0	[31.0, 105.0]
	383/IMG_8087.JPG	1	[29.0, 103.0]
105
	105/img-2011-07-01-1228.JPG	0	[19.0, 50.0]
	105/img-2011-07-01-1229-2.JPG	0	[14.0, 48.0]
	105/img-2011-07-01-1229.JPG	1	[13.0, 42.0]
	105/img-2011-07-01-1229-1.JPG	0	[6.0, 25.0]
355
	355/IMG_0021.JPG	0	[42.0, 87.0]
	355/IMG_0011.JPG	1	[40.0, 87.0]
	355/IMG_0024.JPG	1	[33.0, 84.0]
	355/IMG_0006.JPG	1	[34.0, 83.0]
	355/IMG_0018.JPG	0	[30.0, 76.0]
324
	324/IMG_6649.JPG	1	[32.0, 97.0]
	324/IMG_6650.JPG	1	[28.0, 95.0]
	324/IMG_6652.JPG	0	[28.0, 91.0]
	324/IMG_6651.JPG	1	[22.0, 87.0]
155
	155/img-2011-10-24-2141.JPG	0	[40.0, 88.0]
	155/img-2011-10-24-2141-1.JPG	1	[34.0, 76.0]
	155/img-2011-10-24-2141-3.JPG	0	[17.0, 49.0]
	155/img-2011-10-24-2142.JPG	0	[16.0, 49.0]
	155/img-2011-10-24-2141-2.JPG	0	[11.0, 39.0]
378
	378/IMG_5634.JPG	1	[29.0, 82.0]
	378/IMG_5632.JPG	0	[9.0, 33.0]
	378/IMG_5633.JPG	0	[8.0, 29.0]
267
	267/2019-05-13 10.38.24_69.jpg	1	[27.0, 60.0]
	267/2019-05-13 10.38.24_70.jpg	0	[23.0, 54.0]
	267/2019-05-13 10.38.24_71.jpg	0	[19.0, 50.0]
364
	364/IMG_7549.JPG	0	[40.0, 81.0]
	364/IMG_7548.JPG	0	[26.0, 85.0]
	364/IMG_7550.JPG	1	[40.0, 79.0]
186
	186/img-2011-12-12-2053-2.jpg	1	[28.0, 73.0]
	186/img-2011-12-12-2053-1.jpg	0	[27.0, 70.0]
148
	148/img-2011-10-21-0957-1.JPG	1	[20.0, 57.0]
	148/img-2011-10-21-0957.JPG	0	[17.0, 55.0]
	148/img-2011-10-21-0956-1.JPG	0	[19.0, 52.0]
	148/img-2011-10-21-0956.JPG	0	[14.0, 53.0]
165
	165/img-2011-10-31-1020.JPG	0	[18.0, 56.0]
	165/img-2011-10-31-1021-1.JPG	0	[15.0, 56.0]
	165/img-2011-10-31-1020-1.JPG	1	[22.0, 51.0]
	165/img-2011-10-31-1021-2.JPG	1	[15.0, 49.0]
	165/img-2011-10-31-1020-2.JPG	1	[16.0, 40.0]
	165/img-2011-10-31-1021.JPG	0	[9.0, 31.0]
218
	218/2017-01-15 10.21.59.jpg	1	[66.0, 111.0]
	218/2017-01-15 10.21.56.jpg	1	[66.0, 109.0]
	218/2017-01-15 10.22.00.jpg	1	[64.0, 109.0]
	218/2017-01-15 10.21.57.jpg	0	[55.0, 101.0]
144
	144/img-2011-10-20-0047-2.JPG	0	[15.0, 68.0]
	144/img-2011-10-20-0047-1.JPG	1	[12.0, 60.0]
	144/img-2011-10-20-0047.JPG	0	[11.0, 59.0]
112
	112/img-2011-07-08-1236-1.JPG	0	[38.0, 96.0]
	112/img-2011-07-08-1236.JPG	1	[32.0, 88.0]
345
	345/IMG_4127.JPG	1	[39.0, 81.0]
	345/IMG_4129.JPG	0	[24.0, 66.0]
	345/IMG_4128.JPG	1	[17.0, 59.0]
138
	138/img-2011-10-17-1531-2.jpg	0	[30.0, 75.0]
	138/img-2011-10-17-1531-1.jpg	0	[27.0, 74.0]
	138/img-2011-10-17-1531-3.jpg	0	[30.0, 67.0]
	138/img-2011-10-17-1531.jpg	0	[25.0, 66.0]
	138/img-2011-10-17-1531-4.jpg	1	[25.0, 60.0]
213
	213/2016-12-23 15.17.52.jpg	1	[34.0, 73.0]
	213/2016-12-23 15.18.14.jpg	0	[15.0, 68.0]
	213/2016-12-23 15.18.00.jpg	1	[14.0, 66.0]
	213/2016-12-23 15.18.08.jpg	0	[16.0, 62.0]
	213/2016-12-23 15.18.18.jpg	0	[12.0, 62.0]
	213/2016-12-23 15.18.01.jpg	0	[12.0, 52.0]
	213/2016-12-23 15.18.12.jpg	0	[10.0, 42.0]
259
	259/2019-01-19 16.36.32.jpg	1	[23.0, 75.0]
	259/2019-01-19 16.36.19.jpg	0	[25.0, 61.0]
	259/2019-01-19 16.36.14.jpg	0	[14.0, 60.0]
156
	156/img-2011-10-25-0029-1.JPG	1	[11.0, 43.0]
	156/img-2011-10-25-0029-2.JPG	0	[10.0, 36.0]
	156/img-2011-10-25-0029-3.JPG	0	[8.0, 35.0]
314
	314/IMG_6408.JPG	1	[82.0, 127.0]
	314/IMG_6409.JPG	0	[71.0, 119.0]
205
	205/2016-10-31 10.44.53.jpg	1	[43.0, 100.0]
	205/2016-10-31 10.44.05.jpg	0	[39.0, 98.0]
	205/2016-10-31 10.44.25.jpg	0	[39.0, 97.0]
	205/2016-10-31 10.44.06.jpg	0	[38.0, 96.0]
	205/2016-10-31 10.45.12.jpg	0	[41.0, 94.0]
	205/2016-10-31 10.45.10.jpg	1	[34.0, 92.0]
	205/2016-10-31 10.44.23.jpg	0	[33.0, 89.0]
	205/2016-10-31 10.45.11.jpg	0	[29.0, 84.0]
140
	140/img-2011-10-17-1535-1.jpg	1	[22.0, 60.0]
	140/img-2011-10-17-1535.jpg	0	[18.0, 58.0]
351
	351/IMG_4951.JPG	0	[97.0, 127.0]
	351/IMG_4955.JPG	1	[91.0, 127.0]
	351/IMG_4952.JPG	0	[87.0, 127.0]
113
	113/img-2011-07-08-1243.JPG	0	[55.0, 83.0]
	113/img-2011-07-08-1243-1.JPG	1	[51.0, 81.0]
382
	382/IMG_8082.JPG	0	[32.0, 80.0]
	382/IMG_8076.JPG	1	[32.0, 79.0]
	382/IMG_8081.JPG	0	[32.0, 78.0]
	382/IMG_8074.JPG	1	[31.0, 75.0]
	382/IMG_8079.JPG	0	[28.0, 75.0]
	382/IMG_8078.JPG	0	[26.0, 75.0]
	382/IMG_8077.JPG	0	[26.0, 75.0]
	382/IMG_8075.JPG	1	[25.0, 69.0]
	382/IMG_8080.JPG	0	[22.0, 68.0]
	382/IMG_8083.JPG	0	[10.0, 30.0]
356
	356/IMG_7118.JPG	1	[55.0, 102.0]
	356/IMG_7119.JPG	0	[54.0, 98.0]
	356/IMG_7123.JPG	1	[50.0, 95.0]
	356/IMG_7122.JPG	0	[48.0, 93.0]
	356/IMG_7121.JPG	0	[49.0, 89.0]
368
	368/IMG_7824.JPG	0	[29.0, 84.0]
	368/IMG_7825.JPG	1	[27.0, 78.0]
160
	160/img-2011-10-27-0643.jpg	0	[33.0, 99.0]
	160/img-2011-10-27-0642.jpg	1	[31.0, 92.0]
133
	133/img-2011-08-17-1204-5.JPG	1	[19.0, 46.0]
	133/img-2011-08-17-1205.JPG	0	[5.0, 30.139999999984866]
304
	304/IMG_6143.JPG	0	[22.0, 66.0]
	304/IMG_6142.JPG	1	[21.0, 57.0]
231
	231/2017-08-17 07.13.00.jpg	0	[20.0, 67.0]
	231/2017-08-17 07.12.58.jpg	1	[19.0, 66.0]
	231/2017-08-17 07.12.58_1.jpg	1	[18.0, 63.0]
	231/2017-08-17 07.13.00_1.jpg	0	[20.0, 62.0]
153
	153/img-2011-10-24-1426.jpg	1	[29.0, 65.0]
	153/img-2011-10-24-1426-1.jpg	0	[29.0, 59.0]
384
	384/IMG_8600.JPG	0	[18.0, 63.0]
	384/IMG_8599.JPG	0	[19.0, 62.0]
	384/IMG_8602.JPG	0	[18.0, 60.0]
	384/IMG_8598.JPG	0	[17.0, 60.0]
	384/IMG_8597.JPG	1	[17.0, 59.0]
	384/IMG_8593.JPG	1	[15.0, 59.0]
	384/IMG_8596.JPG	0	[17.0, 58.0]
	384/IMG_8601.JPG	0	[17.0, 58.0]
	384/IMG_8595.JPG	0	[14.0, 57.0]
	384/IMG_8594.JPG	0	[13.0, 57.0]
246
	246/2017-07-19 21.12.03.jpg	0	[21.0, 74.0]
	246/2017-07-19 21.12.04.jpg	1	[18.0, 71.0]
	246/2017-07-19 21.11.58.jpg	0	[17.0, 69.0]
134
	134/img-2011-08-22-2103.JPG	0	[19.0, 64.0]
	134/img-2011-08-22-2104.JPG	1	[18.0, 58.0]
101
	101/img-2011-07-01-1103-3.JPG	1	[30.0, 67.0]
	101/img-2011-07-01-1103-5.JPG	0	[28.0, 64.0]
	101/img-2011-07-01-1103-2.JPG	0	[25.0, 63.0]
	101/img-2011-07-01-1103-4.JPG	0	[23.0, 59.0]
	101/img-2011-07-01-1103.JPG	0	[23.0, 59.0]
	101/img-2011-07-01-1103-1.JPG	0	[25.0, 58.0]
120
	120/img-2011-07-16-1748.JPG	1	[34.0, 96.0]
	120/img-2011-07-16-1747-4.JPG	0	[35.0, 66.0]
315
	315/IMG_6461.JPG	0	[53.0, 127.0]
	315/IMG_6463.JPG	1	[50.0, 127.0]
	315/IMG_6462.JPG	1	[48.0, 121.0]
275
	275/2019-06-06 17.57.58.jpg	1	[22.0, 39.0]
	275/2019-06-06 17.57.57.jpg	0	[21.0, 36.0]
369
	369/IMG_7867.JPG	1	[46.0, 90.0]
	369/IMG_7868.JPG	0	[43.0, 84.0]
	369/IMG_7869.JPG	0	[36.0, 75.0]
185
	185/img-2011-11-23-1727-2.JPG	1	[23.0, 47.0]
	185/img-2011-11-23-1727-3.JPG	0	[29.0, 35.0]
302
	302/IMG_6122.JPG	1	[24.0, 73.0]
	302/IMG_6121.JPG	0	[24.0, 68.0]
	302/IMG_6120.JPG	0	[21.0, 63.0]
158
	158/img-2011-10-25-1259.jpg	0	[59.0, 109.0]
	158/img-2011-10-25-1259-1.jpg	1	[48.0, 99.0]
374
	374/IMG_5592.JPG	1	[10.0, 43.0]
	374/IMG_5593.JPG	0	[11.0, 42.0]
366
	366/IMG_7722.JPG	1	[60.0, 101.0]
	366/IMG_7723.JPG	0	[53.0, 92.0]
	366/IMG_7720.JPG	0	[49.0, 90.0]
	366/IMG_7721.JPG	1	[48.0, 88.0]
	366/IMG_7719.JPG	0	[47.0, 88.0]
	366/IMG_7718.JPG	0	[39.0, 79.0]
167
	167/img-2011-11-04-1245-1.JPG	1	[30.0, 82.0]
	167/img-2011-11-04-1245.JPG	0	[23.0, 77.0]
249
	249/2017-08-10 11.10.49.jpg	1	[36.0, 73.0]
	249/2017-08-10 11.10.41.jpg	0	[16.0, 35.0]
100
	100/img-2011-07-01-0955.JPG	1	[17.0, 62.0]
	100/img-2011-07-01-0955-1.JPG	0	[15.0, 42.0]
122
	122/img-2011-07-24-1211.JPG	1	[20.0, 64.0]
	122/img-2011-07-24-1211-1.JPG	0	[18.0, 56.0]
363
	363/IMG_7536.JPG	0	[51.0, 121.0]
	363/IMG_7538.JPG	0	[48.0, 116.0]
	363/IMG_7540.JPG	1	[42.0, 113.0]
253
	253/2018-04-21 19.53.23.jpg	0	[67.0, 107.0]
	253/2018-04-21 19.53.28.jpg	0	[71.0, 105.0]
	253/2018-04-21 19.53.26.jpg	1	[66.0, 106.0]
	253/2018-04-21 19.53.18.jpg	0	[44.0, 98.0]
343
	343/IMG_0159.JPG	0	[121.0, 128.0]
	343/IMG_0158.JPG	0	[88.0, 125.0]
	343/IMG_0161.JPG	1	[23.0, 57.0]
308
	308/IMG_6267.JPG	1	[29.0, 91.0]
	308/IMG_6269.JPG	1	[29.0, 90.0]
	308/IMG_6268.JPG	0	[27.0, 90.0]
103
	103/img-2011-07-01-1127-1.JPG	0	[81.0, 120.0]
	103/img-2011-07-01-1127.JPG	0	[59.0, 99.0]
	103/img-2011-07-01-1126-3.JPG	0	[27.0, 53.0]
	103/img-2011-07-01-1126-1.JPG	0	[20.0, 41.0]
	103/img-2011-07-01-1126-2.JPG	1	[16.0, 36.0]
	103/img-2011-07-01-1126-5.JPG	1	[16.0, 36.0]
	103/img-2011-07-01-1126.JPG	0	[12.0, 30.0]
370
	370/IMG_7884.JPG	1	[34.0, 89.0]
	370/IMG_7883.JPG	0	[28.0, 68.0]
	370/IMG_7882.JPG	0	[22.0, 64.0]
	370/IMG_7881.JPG	0	[21.0, 58.0]
200
	200/2016-09-17 15.24.09.jpg	1	[20.0, 62.0]
	200/2016-09-17 15.23.47.jpg	1	[13.0, 51.0]
	200/2016-09-17 15.24.05.jpg	0	[15.0, 50.0]
	200/2016-09-17 15.24.06.jpg	0	[15.0, 47.0]
	200/2016-09-17 15.23.56.jpg	0	[15.0, 46.0]
	200/2016-09-17 15.24.04.jpg	0	[12.0, 43.0]
362
	362/IMG_7494.JPG	0	[24.0, 93.0]
	362/IMG_7495.JPG	0	[22.0, 93.0]
	362/IMG_7497.JPG	0	[25.0, 91.0]
	362/IMG_7496.JPG	1	[27.0, 90.0]
	362/IMG_7498.JPG	0	[21.0, 82.0]
260
	260/2019-01-19 16.42.07.jpg	1	[61.0, 115.0]
	260/2019-01-19 16.42.17.jpg	0	[43.0, 104.0]
163
	163/img-2011-10-27-1333.jpg	1	[37.0, 87.0]
	163/img-2011-10-27-1333-1.jpg	0	[35.0, 85.0]
265
	265/2019-05-13 10.38.24_35.jpg	1	[40.0, 103.0]
	265/2019-05-13 10.38.24_34.jpg	0	[25.0, 61.0]
162
	162/img-2011-10-27-1232-3.jpg	1	[18.0, 59.0]
	162/img-2011-10-27-1232-2.jpg	1	[12.0, 55.0]
	162/img-2011-10-27-1232.jpg	0	[11.0, 42.0]
	162/img-2011-10-27-1232-1.jpg	0	[11.0, 38.0]
107
	107/img-2011-07-01-1633-1.JPG	0	[15.0, 57.0]
	107/img-2011-07-01-1630.JPG	0	[14.0, 56.0]
	107/img-2011-07-01-1633-2.JPG	0	[12.0, 56.0]
	107/img-2011-07-01-1633.JPG	0	[9.0, 51.0]
	107/img-2011-07-01-1633-3.JPG	1	[10.0, 50.0]
	107/img-2011-07-01-1631.JPG	0	[10.0, 47.0]
	107/img-2011-07-01-1631-2.JPG	0	[8.0, 45.0]
	107/img-2011-07-01-1630-1.JPG	0	[8.0, 42.0]
	107/img-2011-07-01-1631-1.JPG	0	[7.0, 27.0]
143
	143/img-2011-10-19-1349-1.JPG	0	[15.0, 59.0]
	143/img-2011-10-19-1350.JPG	0	[14.0, 56.0]
	143/img-2011-10-19-1350-1.JPG	1	[14.0, 54.0]
	143/img-2011-10-19-1349.JPG	0	[12.0, 51.0]
219
	219/2017-01-28 20.16.21.jpg	1	[17.0, 67.0]
	219/2017-01-28 20.16.22.jpg	1	[15.0, 62.0]
	219/2017-01-28 20.16.20.jpg	0	[13.0, 61.0]
	219/2017-01-28 20.16.19.jpg	0	[15.0, 58.0]
	219/2017-01-28 20.16.10.jpg	0	[14.0, 54.0]
	219/2017-01-28 20.16.09.jpg	0	[11.0, 51.0]
243
	243/IMG_20190330_181306.jpg	1	[35.0, 90.0]
	243/IMG_20190330_181236.jpg	0	[34.0, 90.0]
	243/IMG_20190330_181234.jpg	1	[34.0, 90.0]
	243/IMG_20190330_181235.jpg	1	[34.0, 89.0]
	243/IMG_20190330_181312.jpg	0	[31.0, 87.0]
	243/IMG_20190330_181301.jpg	0	[31.0, 86.0]
	243/IMG_20190330_181235(1).jpg	0	[32.0, 85.0]
	243/IMG_20190330_181238.jpg	0	[26.0, 81.0]
	243/IMG_20190330_181241.jpg	0	[27.0, 79.0]
	243/IMG_20190330_181318.jpg	1	[24.0, 76.0]
373
	373/IMG_5567.JPG	0	[51.0, 103.0]
	373/IMG_5568.JPG	1	[44.0, 99.0]
	373/IMG_5566.JPG	1	[35.0, 94.0]
360
	360/IMG_7401.JPG	1	[67.0, 126.0]
	360/IMG_7403.JPG	0	[60.0, 117.0]
273
	273/2019-05-26 17.30.37.jpg	1	[19.0, 70.0]
	273/2019-05-26 17.30.36.jpg	0	[16.0, 68.0]
	273/2019-05-26 17.30.34.jpg	0	[17.0, 65.0]
172
	172/img-2011-11-06-1207-1.JPG	0	[19.0, 64.0]
	172/img-2011-11-06-1207-2.JPG	1	[18.0, 59.0]
	172/img-2011-11-06-1207.JPG	0	[14.0, 47.0]
228
	228/2017-04-28 14.20.47.jpg	1	[51.0, 96.0]
	228/2017-04-28 14.20.46.jpg	1	[50.0, 95.0]
	228/2017-04-28 14.20.48.jpg	0	[52.0, 93.0]
	228/2017-04-28 14.20.44_1.jpg	0	[51.0, 93.0]
	228/2017-04-28 14.20.49.jpg	0	[50.0, 93.0]
	228/2017-04-28 14.20.39.jpg	0	[47.0, 88.0]
250
	250/2017-08-31 19.42.51.jpg	1	[56.0, 120.0]
	250/2017-08-31 19.42.50.jpg	0	[46.0, 107.0]
251
	251/2017-11-26 15.00.30.jpg	1	[46.0, 109.0]
	251/2017-11-26 15.00.36.jpg	0	[35.0, 102.0]
	251/2017-11-26 15.00.20.jpg	0	[32.0, 96.0]
	251/2017-11-26 15.00.31.jpg	0	[28.0, 90.0]
	251/2017-11-26 15.00.23.jpg	0	[26.0, 89.0]
125
	125/img-2011-07-24-1343.JPG	0	[42.0, 111.0]
	125/img-2011-07-24-1343-1.JPG	1	[41.0, 109.0]
170
	170/img-2011-11-06-1206-1.JPG	1	[15.0, 59.0]
	170/img-2011-11-06-1205-6.JPG	0	[9.0, 40.0]
	170/img-2011-11-06-1205-7.JPG	0	[8.0, 38.0]
328
	328/IMG_6694.JPG	1	[16.0, 72.0]
	328/IMG_6693.JPG	1	[15.0, 68.0]
	328/IMG_6692.JPG	0	[11.0, 58.0]
271
	271/2019-05-16 20.47.29.jpg	1	[26.0, 67.0]
	271/2019-05-16 20.47.30.jpg	1	[25.0, 65.0]
	271/2019-05-16 20.47.26.jpg	0	[23.0, 63.0]
	271/2019-05-16 20.47.28.jpg	0	[22.0, 58.0]
372
	372/IMG_7992.JPG	0	[105.0, 128.0]
	372/IMG_7993.JPG	0	[100.0, 127.0]
	372/IMG_7991.JPG	1	[99.0, 127.0]
245
	245/IMG_20190511_111714.jpg	0	[31.0, 80.0]
	245/IMG_20190511_111651.jpg	0	[31.0, 78.0]
	245/IMG_20190511_111650.jpg	0	[31.0, 78.0]
	245/IMG_20190511_111727.jpg	0	[29.0, 77.0]
	245/IMG_20190511_111729.jpg	1	[28.0, 77.0]
	245/IMG_20190511_111728.jpg	0	[28.0, 77.0]
	245/IMG_20190511_111712.jpg	1	[28.0, 73.0]
233
	233/202_Bad.jpg	0	[52.0, 111.0]
	233/201_Good.jpg	1	[52.0, 110.0]
119
	119/img-2011-07-16-1747-2.JPG	0	[30.0, 57.0]
	119/img-2011-07-16-1747-3.JPG	1	[9.0, 49.0]
215
	215/2017-01-02 10.11.45.jpg	0	[16.0, 64.0]
	215/2017-01-02 10.11.55.jpg	0	[14.0, 59.0]
	215/2017-01-02 10.11.57.jpg	1	[13.0, 59.0]
	215/2017-01-02 10.11.51.jpg	1	[12.0, 56.0]
	215/2017-01-02 10.11.48.jpg	0	[10.0, 43.0]
139
	139/img-2011-10-17-1533-1.jpg	1	[25.0, 73.0]
	139/img-2011-10-17-1533.jpg	0	[20.0, 59.0]
106
	106/img-2011-07-01-1629-1.JPG	1	[14.0, 52.0]
	106/img-2011-07-01-1629.JPG	0	[11.0, 46.0]
	106/img-2011-07-01-1629-2.JPG	0	[12.0, 45.0]
	106/img-2011-07-01-1629-3.JPG	0	[12.0, 45.0]
269
	269/2019-05-13 10.38.44_62.jpg	0	[19.0, 51.0]
	269/2019-05-13 10.38.44_63.jpg	1	[18.0, 51.0]
	269/2019-05-13 10.38.44_61.jpg	0	[15.0, 44.0]
332
	332/IMG_6818.JPG	0	[80.0, 123.0]
	332/IMG_6819.JPG	0	[76.0, 123.0]
	332/IMG_6820.JPG	1	[75.0, 117.0]
232
	232/103_Bad.jpg	1	[47.0, 91.0]
	232/104_Good.jpg	0	[44.0, 82.0]
	232/102_Good.jpg	1	[40.0, 82.0]
	232/101_Bad.jpg	0	[41.0, 79.0]
118
	118/img-2011-07-16-1747.JPG	0	[27.0, 73.0]
	118/img-2011-07-16-1747-1.JPG	1	[23.0, 59.0]
331
	331/IMG_6817.JPG	1	[96.0, 127.0]
	331/IMG_6816.JPG	0	[96.0, 127.0]
174
	174/img-2011-11-06-1237-5.JPG	0	[12.0, 58.0]
	174/img-2011-11-06-1237-2.JPG	0	[11.0, 53.0]
	174/img-2011-11-06-1237-3.JPG	1	[11.0, 53.0]
	174/img-2011-11-06-1237-4.JPG	1	[11.0, 53.0]
	174/img-2011-11-06-1237-8.JPG	0	[9.0, 48.0]
	174/img-2011-11-06-1237-7.JPG	0	[9.0, 46.0]
	174/img-2011-11-06-1237-6.JPG	0	[7.0, 38.0]
