274
	274/2019-05-29 17.44.40.jpg	0	[64.0, 0.56645346, 0.2550337, 0.7372549027204514, 1, 0.21380132578399322, 0.2055903679260373, 0.22201228364194914]
	274/2019-05-29 17.44.41.jpg	1	[61.0, 0.4739311, 0.2541814, 0.7058823555707932, 1, 0.22992490072423338, 0.21813024625087246, 0.2417195551975943]
	274/2019-05-29 17.44.42.jpg	0	[90.0, 0.47309154, 0.25309345, 0.674509808421135, 0, 0, 0, 0]
129
	129/img-2011-07-30-1329-1.JPG	1	[98.0, 0.6305851, 0.30650315, 0.8509803861379623, 2, 0.2994263157633986, 0.26065436448930834, 0.3501017800014088]
	129/img-2011-07-30-1329-2.JPG	0	[73.0, 0.63775796, 0.2887764, 0.8117647022008896, 2, 0.2943040889873157, 0.2378647274743709, 0.3550103804267786]
303
	303/IMG_6127.JPG	1	[87.0, 0.5679797, 0.2750472, 0.7450980395078659, 3, 0.2895264232633188, 0.19904543830521157, 0.3411102235419342]
	303/IMG_6123.JPG	0	[76.0, 0.57737416, 0.27207634, 0.7411764711141586, 2, 0.2508605228979043, 0.152251102555146, 0.4082733751657661]
137
	137/img-2011-09-18-1513-1.JPG	0	[71.0, 0.4890619, 0.2946517, 0.8313725516200066, 2, 0.17228927537784078, 0.15811388300841897, 0.20184308942868395]
	137/img-2011-09-18-1513.JPG	1	[77.0, 0.4905425, 0.3033836, 0.8862745091319084, 0, 0, 0, 0]
344
	344/IMG_20190501_200322_1.jpg	1	[86.0, 0.4384043, 0.3281918, 0.894117645919323, 2, 0.1649716848384854, 0.1492936801782864, 0.17528974013493745]
	344/IMG_20190501_200320.jpg	0	[77.0, 0.45140335, 0.2842021, 0.7921568676829338, 1, 0.25223665368513193, 0.24564132625911658, 0.25883198111114725]
	344/IMG_20190501_200323.jpg	0	[77.0, 0.44974232, 0.34204563, 0.8980392143130302, 2, 0.1963945443917187, 0.16533761024799762, 0.2301343007295751]
	344/IMG_20190501_200326.jpg	0	[81.0, 0.42852727, 0.35303855, 0.9215686246752739, 1, 0.1750185674713829, 0.17117473134845007, 0.1788624035943157]
	344/IMG_20190501_200324.jpg	0	[78.0, 0.43653968, 0.35012805, 0.9019607827067375, 2, 0.1302959468611303, 0.0658849076145095, 0.18766803518217723]
131
	131/img-2011-08-17-1150.JPG	1	[42.0, 0.6117665, 0.25672975, 0.7529411762952805, 1, 0.2827195434770199, 0.2807219473074448, 0.284717139646595]
	131/img-2011-08-17-1149.JPG	0	[36.0, 0.64425987, 0.22748826, 0.6627450883388519, 0, 0, 0, 0]
	131/img-2011-08-17-1149-1.JPG	0	[46.0, 0.5890948, 0.26661432, 0.717647060751915, 0, 0, 0, 0]
109
	109/img-2011-07-04-1516-4.JPG	1	[111.0, 0.6643798, 0.2621815, 0.7333333194255829, 3, 0.3525778226949216, 0.24142135623730948, 0.4489928259291204]
	109/img-2011-07-04-1516-5.JPG	0	[127.0, 0.46193528, 0.2843158, 0.7803921550512314, 1, 0.26674497156510096, 0.2631208656455297, 0.2703690774846722]
	109/img-2011-07-04-1516-3.JPG	0	[89.0, 0.7177462, 0.2574679, 0.6823529303073883, 2, 0.3570245858441009, 0.3095231479787528, 0.44986191077120674]
	109/img-2011-07-04-1516.JPG	0	[86.0, 0.60101146, 0.3014235, 0.8392156809568405, 2, 0.3145444092124065, 0.2591439882962253, 0.3763664056110179]
	109/img-2011-07-04-1516-1.JPG	1	[76.0, 0.6349633, 0.2901748, 0.7725490182638168, 2, 0.35371816048258997, 0.3227720615189165, 0.3862732047983154]
	109/img-2011-07-04-1516-2.JPG	0	[71.0, 0.64066535, 0.28648278, 0.7568627446889877, 2, 0.38633050091529386, 0.3488211275597083, 0.45708716512076925]
220
	220/2017-01-28 20.17.18.jpg	0	[24.0, 0.5803179, 0.20339216, 0.5254901945590973, 1, 0.455536589162328, 0.4418972021170782, 0.46917597620757767]
	220/2017-01-28 20.16.55.jpg	0	[23.0, 0.5224256, 0.23464023, 0.6784313768148422, 1, 0.44089203892276796, 0.4116167037692164, 0.47016737407631953]
	220/2017-01-28 20.17.01.jpg	0	[22.0, 0.5385633, 0.20938861, 0.6156862825155258, 1, 0.2552598894831059, 0.23518745528153004, 0.27533232368468175]
	220/2017-01-28 20.16.58.jpg	1	[25.0, 0.5104709, 0.21982716, 0.6392156928777695, 1, 0.4701987964352091, 0.3941732762115924, 0.5462243166588259]
	220/2017-01-28 20.17.17.jpg	0	[20.0, 0.5095948, 0.24268948, 0.6941176503896713, 1, 0.4693100620986297, 0.42751307487052986, 0.5111070493267296]
	220/2017-01-28 20.17.07.jpg	0	[21.0, 0.5907594, 0.2520446, 0.7294117659330368, 1, 0.3186469305769546, 0.30391644539868823, 0.3333774157552209]
	220/2017-01-28 20.16.57.jpg	0	[24.0, 0.5884191, 0.194798, 0.5058823525905609, 1, 0.18516755165747717, 0.18348299664678525, 0.1868521066681691]
	220/2017-01-28 20.17.02.jpg	0	[24.0, 0.5554369, 0.2557462, 0.7490196153521538, 1, 0.13501298161352615, 0.1314705383106278, 0.1385554249164245]
	220/2017-01-28 20.17.32.jpg	0	[20.0, 0.70260715, 0.25691682, 0.6509803831577301, 0, 0, 0, 0]
145
	145/img-2011-10-20-1237-3.JPG	0	[45.0, 0.46800226, 0.23749891, 0.6392157003283501, 1, 0.32984388393079833, 0.30828605001153425, 0.35140171785006247]
	145/img-2011-10-20-1237-2.JPG	1	[54.0, 0.47806206, 0.23524597, 0.6431372612714767, 0, 0, 0, 0]
	145/img-2011-10-20-1237-1.JPG	0	[27.0, 0.44063482, 0.20895715, 0.5882353037595749, 0, 0, 0, 0]
	145/img-2011-10-20-1237.JPG	0	[31.0, 0.47487313, 0.22778043, 0.6313725560903549, 0, 0, 0, 0]
104
	104/img-2011-07-01-1224-3.JPG	1	[91.0, 0.5689383, 0.30746883, 0.8901960775256157, 4, 0.28569655834440855, 0.24018068605679, 0.39330771231464134]
	104/img-2011-07-01-1224-2.JPG	0	[93.0, 0.58681285, 0.3106679, 0.9058823511004448, 2, 0.2326337400338101, 0.1001206957164942, 0.38958517170404566]
	104/img-2011-07-01-1224-1.JPG	0	[91.0, 0.5283582, 0.31221396, 0.8784313760697842, 0, 0, 0, 0]
377
	377/IMG_5614.JPG	1	[85.0, 0.46169475, 0.26969972, 0.7254901975393295, 2, 0.3655498051179997, 0.3372121196542961, 0.38700445111132137]
	377/IMG_5615.JPG	0	[88.0, 0.48179626, 0.2739009, 0.7450980395078659, 2, 0.2572471918211239, 0.10432153308140103, 0.4225604310266559]
336
	336/IMG_6892.JPG	1	[54.0, 0.6081468, 0.2193512, 0.5960784256458282, 2, 0.3306864031921814, 0.23041398107154604, 0.4333712784448895]
	336/IMG_6893.JPG	0	[22.0, 0.5355454, 0.20417699, 0.5568627417087555, 1, 0.15109406537365672, 0.144822347929508, 0.15736578281780544]
354
	354/IMG_0017.JPG	0	[86.0, 0.2225038, 0.21072964, 0.505882378667593, 2, 0.32534230095187705, 0.30154839211056644, 0.38014296063485276]
	354/IMG_0015.JPG	1	[92.0, 0.2157527, 0.20568962, 0.4745098315179348, 1, 0.32432148178641307, 0.31689999652740203, 0.33174296704542416]
159
	159/img-2011-10-27-0444.JPG	1	[38.0, 0.37772164, 0.3052247, 0.7647058889269829, 2, 0.3821425375969168, 0.36012866491554435, 0.40683388665203557]
	159/img-2011-10-27-0444-2.JPG	0	[56.0, 0.4426251, 0.26593268, 0.7215686365962029, 0, 0, 0, 0]
	159/img-2011-10-27-0444-1.JPG	0	[31.0, 0.36533633, 0.35299027, 0.8705882392823696, 0, 0, 0, 0]
222
	222/2017-01-31 20.11.49.jpg	1	[65.0, 0.56601346, 0.24770594, 0.6588235199451447, 1, 0.30456336631583836, 0.30157997476193715, 0.3075467578697396]
	222/2017-01-31 20.11.51.jpg	1	[69.0, 0.5940893, 0.25047085, 0.6549019515514374, 1, 0.3304534488743833, 0.30684557741664137, 0.3540613203321253]
	222/2017-01-31 20.11.51_1.jpg	0	[31.0, 0.596184, 0.25037357, 0.7137254774570465, 1, 0.28334638508718657, 0.2580953197595613, 0.3085974504148119]
225
	225/2017-02-11 20.46.13.jpg	0	[50.0, 0.54457814, 0.27630773, 0.8274509757757187, 3, 0.2533150837540361, 0.23215883422611774, 0.2682926829268293]
	225/2017-02-11 20.45.36.jpg	0	[57.0, 0.5346084, 0.31446576, 0.8549019545316696, 4, 0.2133437220758229, 0.20454797558373852, 0.2227434381200353]
	225/2017-02-11 20.45.48.jpg	1	[61.0, 0.54681355, 0.2857227, 0.831372544169426, 3, 0.21093967048257037, 0.1810714920850371, 0.23908639163438375]
	225/2017-02-11 20.46.12.jpg	1	[47.0, 0.5583155, 0.27789325, 0.8274509757757187, 3, 0.23810015587148306, 0.2017937501369387, 0.26340995882477675]
	225/2017-02-11 20.45.48_1.jpg	0	[59.0, 0.5413955, 0.28751206, 0.8352941125631332, 3, 0.18739247588879596, 0.1537956047553048, 0.22070478408769872]
254
	254/2018-05-28 08.47.20.jpg	1	[46.0, 0.69099784, 0.19143118, 0.5294117629528046, 1, 0.36035586834317423, 0.35950427653916367, 0.36120746014718486]
	254/2018-05-28 08.47.18.jpg	0	[27.0, 0.64361286, 0.1692091, 0.43529412150382996, 0, 0, 0, 0]
333
	333/IMG_6837.JPG	1	[64.0, 0.5143573, 0.2673036, 0.7647058889269829, 3, 0.31671391765890206, 0.2577806968184851, 0.4067617787403162]
	333/IMG_6834.JPG	0	[66.0, 0.543208, 0.27583647, 0.7960784360766411, 2, 0.2340095312089407, 0.16768762223415978, 0.3119951040150871]
	333/IMG_6835.JPG	0	[62.0, 0.5253463, 0.2728271, 0.7882352992892265, 2, 0.2774147493124357, 0.12751044608409606, 0.42401666402177074]
	333/IMG_6836.JPG	0	[64.0, 0.5236572, 0.2684008, 0.7725490257143974, 2, 0.25757033654914246, 0.10238580479366123, 0.41117162554644865]
	333/IMG_6833.JPG	0	[46.0, 0.5509159, 0.27297258, 0.760784313082695, 2, 0.41589358644086194, 0.2780702390469475, 0.6120842344197386]
339
	339/IMG_6951.JPG	0	[72.0, 0.38747674, 0.25895134, 0.6980392262339592, 1, 0.4414692672518248, 0.42128361272968723, 0.46165492177396233]
	339/IMG_6950.JPG	1	[82.0, 0.39589846, 0.27083492, 0.737254910171032, 0, 0, 0, 0]
367
	367/IMG_7822.JPG	1	[96.0, 0.5269465, 0.29092965, 0.8666666597127914, 1, 0.3330327062762648, 0.32606541255252963, 0.34]
	367/IMG_7823.JPG	0	[93.0, 0.5128748, 0.2896954, 0.8784313723444939, 1, 0.1541999600088209, 0.15104287315503998, 0.15735704686260188]
	367/IMG_7821.JPG	0	[86.0, 0.4944038, 0.28259876, 0.8274509832262993, 1, 0.2700222615173356, 0.2597391105450413, 0.2803054124896299]
371
	371/IMG_7982.JPG	0	[127.0, 0.5418259, 0.25477618, 0.690196081995964, 1, 0.3073797521982181, 0.305323647541707, 0.30943585685472924]
	371/IMG_7981.JPG	0	[127.0, 0.5374594, 0.25375786, 0.690196081995964, 1, 0.3656783912873456, 0.3173225723958494, 0.4140342101788418]
	371/IMG_7980.JPG	1	[127.0, 0.52027225, 0.24726123, 0.674509808421135, 1, 0.2170607855311148, 0.1860521018838127, 0.24806946917841693]
175
	175/img-2011-11-06-1240-3.JPG	1	[53.0, 0.50214577, 0.24910025, 0.7215686291456223, 2, 0.2579296827724803, 0.2367331166253993, 0.310172764923076]
	175/img-2011-11-06-1240.JPG	0	[55.0, 0.4659858, 0.24537285, 0.6588235422968864, 1, 0.24715812986330893, 0.2405320921643131, 0.25378416756230476]
	175/img-2011-11-06-1240-2.JPG	0	[40.0, 0.49491546, 0.23864505, 0.690196081995964, 1, 0.22093563214770007, 0.20389204866794447, 0.2379792156274557]
	175/img-2011-11-06-1240-1.JPG	0	[49.0, 0.47523746, 0.22865283, 0.603921577334404, 1, 0.165438864148703, 0.1605403247669839, 0.17033740353042215]
335
	335/IMG_6864.JPG	0	[72.0, 0.32328132, 0.17529029, 0.40000002086162567, 3, 0.31150501527048463, 0.22610332983393097, 0.3649911829431341]
	335/IMG_6863.JPG	1	[73.0, 0.31654084, 0.17629372, 0.41960786283016205, 3, 0.30474305691600034, 0.2573175662556694, 0.37829890558284923]
	335/IMG_6861.JPG	0	[76.0, 0.3248871, 0.1813715, 0.4313725680112839, 3, 0.3142937873475093, 0.27074715777415465, 0.395092567303126]
	335/IMG_6865.JPG	0	[71.0, 0.33911118, 0.17910387, 0.41960786283016205, 3, 0.3439276206505087, 0.28439632614566474, 0.43160158050169917]
	335/IMG_6862.JPG	1	[79.0, 0.31622297, 0.18036692, 0.4235294312238693, 3, 0.29349775910282166, 0.21569140457675734, 0.39662008619335026]
268
	268/2019-05-13 10.38.24_80.jpg	1	[109.0, 0.38280904, 0.26299462, 0.7019607946276665, 2, 0.22735578060264006, 0.20289915108550527, 0.2477861569838194]
	268/2019-05-13 10.38.24_78.jpg	0	[118.0, 0.23749903, 0.24888128, 0.5960784517228603, 1, 0.2513318134614993, 0.24423651350858885, 0.2584271134144097]
	268/2019-05-13 10.38.24_77.jpg	0	[113.0, 0.2690044, 0.2598103, 0.6470588408410549, 1, 0.23125856899463554, 0.23006102551673233, 0.23245611247253875]
	268/2019-05-13 10.38.24_79.jpg	0	[99.0, 0.18001333, 0.22299704, 0.47843137197196484, 1, 0.23552584815549313, 0.23484800109378715, 0.2362036952171991]
350
	350/IMG_4913.JPG	1	[46.0, 0.68335617, 0.18774793, 0.5098039209842682, 1, 0.3988461702916191, 0.3964200563655016, 0.40127228421773664]
	350/IMG_4912.JPG	0	[48.0, 0.6668984, 0.18850164, 0.49803921580314636, 0, 0, 0, 0]
320
	320/IMG_6558.JPG	1	[50.0, 0.46700257, 0.27634603, 0.7450980469584465, 1, 0.39769554068626145, 0.38846157768392636, 0.4069295036885966]
	320/IMG_6559.JPG	0	[50.0, 0.49756062, 0.29103264, 0.7921568676829338, 1, 0.3843177133045373, 0.33851883746616035, 0.43011658914291423]
242
	242/IMG_1393.JPG	1	[58.0, 0.66528624, 0.33485565, 0.8274509757757187, 3, 0.2504195054547301, 0.2159401184472629, 0.2873495820973954]
	242/IMG_1394.JPG	0	[61.0, 0.6824276, 0.3266035, 0.7882352918386459, 2, 0.1593544337306102, 0.07669649888473705, 0.242535625036333]
258
	258/2019-01-02 21.02.56.jpg	1	[49.0, 0.504134, 0.23149247, 0.6431372612714767, 2, 0.338205899366838, 0.32174584034481996, 0.3486892852898715]
	258/2019-01-02 21.03.02.jpg	0	[41.0, 0.49978226, 0.23357365, 0.6627451032400131, 2, 0.2898634716711828, 0.21004665688384253, 0.3666554945088765]
	258/2019-01-02 21.03.00.jpg	0	[47.139999999984866, 0.50712645, 0.23316626, 0.6549019664525986, 2, 0.26666392028458163, 0.15934355670871486, 0.3624544512998228]
	258/2019-01-02 21.02.52.jpg	0	[35.0, 0.40718812, 0.21130255, 0.5882353112101555, 2, 0.23644602140037768, 0.14862635492338078, 0.3299053176593666]
	258/2019-01-02 21.03.07.jpg	0	[42.0, 0.4818973, 0.246496, 0.6784313768148422, 1, 0.19960061871487927, 0.1829756189636445, 0.21622561846611407]
319
	319/IMG_6551.JPG	1	[62.0, 0.41333377, 0.19316398, 0.45098040997982025, 1, 0.31671480935243235, 0.30728851183895034, 0.3261411068659144]
	319/IMG_6552.JPG	0	[63.0, 0.43715382, 0.19181702, 0.4549019783735275, 1, 0.26261017928918484, 0.2503795351726339, 0.27484082340573573]
	319/IMG_6550.JPG	0	[64.0, 0.40741593, 0.23478657, 0.5568627566099167, 0, 0, 0, 0]
234
	234/302_Good.jpg	1	[51.0, 0.50834703, 0.27556032, 0.760784313082695, 1, 0.2441689028726329, 0.2362075176964294, 0.2521302880488364]
	234/301_Bad.jpg	0	[50.0, 0.4785684, 0.27910975, 0.780392162501812, 1, 0.10146570224866225, 0.08707451522462605, 0.11585688927269845]
	234/303_Bad.jpg	0	[48.0, 0.48281848, 0.2778165, 0.7607843205332756, 1, 0.12456710215046565, 0.10636808225128137, 0.14276612204964995]
201
	201/2016-09-19 17.35.29.jpg	0	[53.0, 0.53376454, 0.21293537, 0.5803921669721603, 1, 0.42529620583659467, 0.4181694897800185, 0.43242292189317083]
	201/2016-09-19 17.35.28.jpg	1	[54.0, 0.5336864, 0.2166612, 0.6000000089406967, 1, 0.40445828618970614, 0.38604250981656285, 0.4228740625628494]
166
	166/img-2011-11-26-2031.JPG	1	[68.0, 0.41839483, 0.26269245, 0.7137254998087883, 0, 0, 0, 0]
	166/img-2011-11-13-0807-1.JPG	0	[59.0, 0.47936448, 0.29788697, 0.7333333417773247, 0, 0, 0, 0]
385
	385/IMG_8611.JPG	1	[107.0, 0.50338405, 0.2843017, 0.780392162501812, 3, 0.21966413191342907, 0.20852881102532483, 0.23256390672946975]
	385/IMG_8610.JPG	0	[103.0, 0.49312893, 0.28907612, 0.7725490257143974, 3, 0.2341534304584457, 0.1615035907896342, 0.31338091488564157]
	385/IMG_8609.JPG	0	[93.0, 0.44958922, 0.27385265, 0.7450980469584465, 3, 0.21358118631409687, 0.1413458399790855, 0.3178904414212288]
	385/IMG_8607.JPG	0	[94.0, 0.44505337, 0.273769, 0.752941183745861, 2, 0.1741235330389755, 0.14487760321439752, 0.20790942806052018]
266
	266/2019-05-13 10.38.24_56.jpg	0	[54.0, 0.6368791, 0.22100525, 0.5764705836772919, 2, 0.3389782321301562, 0.3193813619217383, 0.35690315338293355]
	266/2019-05-13 10.38.24_55.jpg	0	[53.0, 0.6464885, 0.22320278, 0.5764705836772919, 2, 0.3640251640206134, 0.3289554071060871, 0.39059612295249335]
	266/2019-05-13 10.38.24_54.jpg	1	[53.0, 0.6440085, 0.22154441, 0.5725490152835846, 2, 0.33401129305415167, 0.250777491612043, 0.3823089741058583]
214
	214/2016-12-31 20.25.48.jpg	0	[66.0, 0.65823853, 0.21819802, 0.5870588183402901, 3, 0.3448849295416742, 0.2988302747068513, 0.39743238255761437]
	214/2016-12-31 20.25.58.jpg	1	[74.0, 0.6563529, 0.20730978, 0.5294117629528046, 3, 0.4012419021910511, 0.326568302257472, 0.4954286337746507]
	214/2016-12-31 20.25.55.jpg	1	[68.0, 0.67111826, 0.20760678, 0.5333333313465118, 3, 0.34084664497824996, 0.23730328550706573, 0.44845413490245695]
	214/2016-12-31 20.25.57.jpg	1	[74.0, 0.66361374, 0.20866309, 0.5254901945590973, 3, 0.3290794817794198, 0.18421052631578946, 0.4427429828464555]
	214/2016-12-31 20.26.06.jpg	0	[63.0, 0.6357347, 0.20483561, 0.5411764681339264, 1, 0.23279686953274562, 0.2218687209127041, 0.24372501815278713]
	214/2016-12-31 20.26.09.jpg	0	[62.0, 0.6542466, 0.2187646, 0.592156857252121, 3, 0.26335287642778854, 0.16300496556911678, 0.4226677994235283]
	214/2016-12-31 20.26.10.jpg	0	[53.0, 0.6315449, 0.20246534, 0.5294117629528046, 1, 0.17064949857491934, 0.16744528915252793, 0.17385370799731076]
365
	365/IMG_7703.JPG	0	[75.0, 0.44377527, 0.31009534, 0.8392156884074211, 1, 0.1540440114519881, 0.1414213562373095, 0.16666666666666666]
	365/IMG_7704.JPG	1	[58.0, 0.43363354, 0.31917852, 0.8156862817704678, 1, 0.4197110839543353, 0.4075951333878701, 0.4318270345208005]
	365/IMG_7705.JPG	0	[55.0, 0.46036747, 0.3125262, 0.823529414832592, 0, 0, 0, 0]
173
	173/img-2011-11-06-1237-1.JPG	1	[46.0, 0.5455908, 0.2567814, 0.760784313082695, 2, 0.3092379420427564, 0.2588599938717873, 0.36237951517982436]
	173/img-2011-11-06-1237.JPG	0	[42.0, 0.5010761, 0.25597715, 0.7294117733836174, 0, 0, 0, 0]
102
	102/img-2011-07-01-1103-7.JPG	0	[79.0, 0.71786237, 0.25280568, 0.6666666567325592, 2, 0.2847784561680371, 0.17206530809420664, 0.389351052313534]
	102/img-2011-07-01-1103-6.JPG	1	[66.0, 0.66811305, 0.25249857, 0.6705882400274277, 2, 0.30245942935680703, 0.20858383016532533, 0.38092487666109076]
326
	326/IMG_6670.JPG	0	[78.0, 0.484521, 0.2883221, 0.7843137308955193, 1, 0.2776761832475037, 0.27428058768469554, 0.28107177881031187]
	326/IMG_6671.JPG	1	[67.0, 0.512914, 0.2789816, 0.7607843205332756, 0, 0, 0, 0]
224
	224/2017-02-11 20.39.21.jpg	0	[61.0, 0.52748233, 0.26421097, 0.7372549027204514, 2, 0.25111609389076694, 0.2358020630214405, 0.27804174853317987]
	224/2017-02-11 20.39.22.jpg	1	[57.0, 0.4975225, 0.253889, 0.7098039239645004, 2, 0.27785877595094804, 0.23550106338027926, 0.31568018505879386]
	224/2017-02-11 20.39.26.jpg	1	[52.0, 0.45926416, 0.22272158, 0.5529411882162094, 2, 0.2680263569233073, 0.2562034240393074, 0.2849667059648093]
229
	229/2017-05-13 19.46.10.jpg	1	[108.0, 0.50785804, 0.2065662, 0.5686274468898773, 3, 0.39282657845041635, 0.34900788559739493, 0.48621096692527166]
	229/2017-05-13 19.46.09.jpg	0	[105.0, 0.51446724, 0.20582324, 0.5686274468898773, 4, 0.32979274666485614, 0.14097930435902942, 0.47302035281404353]
	229/2017-05-13 19.46.11.jpg	0	[101.13999999998488, 0.49437386, 0.20066446, 0.5411764681339264, 3, 0.2110830650598284, 0.15853658536585366, 0.30746497680963514]
176
	176/img-2011-11-07-0127.JPG	0	[48.0, 0.4997916, 0.349121, 0.9686274509876966, 1, 0.4108419191645128, 0.38804523231328625, 0.43363860601573934]
	176/img-2011-11-07-0127-3.JPG	0	[48.0, 0.49982664, 0.3491238, 0.9686274509876966, 1, 0.42253655228987663, 0.3949594816832366, 0.45011362289651674]
	176/img-2011-11-07-0127-1.JPG	1	[45.0, 0.53222126, 0.34828082, 0.960784312337637, 2, 0.2891606698076392, 0.23258865390742323, 0.34174883639935255]
	176/img-2011-11-07-0127-4.JPG	1	[45.0, 0.5322585, 0.34828547, 0.960784312337637, 2, 0.284485797475558, 0.22065529989752578, 0.34260356860181385]
	176/img-2011-11-07-0127-2.JPG	1	[63.0, 0.48679817, 0.3405891, 0.9607843142002821, 0, 0, 0, 0]
252
	252/2017-12-24 19.21.14.jpg	0	[41.0, 0.23979118, 0.21620595, 0.549019630998373, 2, 0.2679366963807371, 0.25024271630022604, 0.29558262253876594]
	252/2017-12-24 19.21.11.jpg	1	[39.0, 0.25046822, 0.21418689, 0.5450980626046658, 1, 0.38036137930587977, 0.38008775309140796, 0.3806350055203515]
	252/2017-12-24 19.20.56.jpg	0	[21.0, 0.31886584, 0.18956259, 0.5137255117297173, 1, 0.2892154633247338, 0.28607825354712446, 0.2923526731023431]
180
	180/img-2011-11-11-1710.jpg	1	[88.0, 0.43820363, 0.25183943, 0.6196078583598137, 4, 0.3215441516162515, 0.21428571428571427, 0.46335646927583685]
	180/img-2011-11-11-1710-1.jpg	0	[99.0, 0.48548713, 0.27351347, 0.7490196153521538, 2, 0.15813142885090056, 0.09892940568677613, 0.22390958299057578]
	180/img-2011-11-11-1711.jpg	1	[59.0, 0.487764, 0.26541662, 0.7490196153521538, 2, 0.31614601537635423, 0.27544273738203384, 0.3681202805561694]
223
	223/2017-02-04 13.28.59.jpg	1	[90.0, 0.5243991, 0.27411357, 0.803921565413475, 3, 0.3304756351900812, 0.2857142857142857, 0.3817931864247294]
	223/2017-02-04 13.28.54.jpg	0	[99.0, 0.54409456, 0.26735836, 0.7803921550512314, 2, 0.2904821312674988, 0.2024042192607313, 0.38338665442335534]
	223/2017-02-04 13.28.52.jpg	0	[100.0, 0.55040747, 0.26656765, 0.7803921550512314, 2, 0.23295220568727798, 0.07117577549913573, 0.3871838360788901]
346
	346/IMG_4842.JPG	1	[84.0, 0.5250451, 0.18678583, 0.47058823704719543, 3, 0.3343343528765908, 0.27628251552102917, 0.44280052769616074]
	346/IMG_4841.JPG	0	[77.0, 0.5545267, 0.18711163, 0.48235294222831726, 2, 0.3350654868454217, 0.2774700332957825, 0.38666050608713576]
255
	255/2017-08-27 15.18.03.jpg	0	[109.0, 0.5532208, 0.29191583, 0.7725490182638168, 4, 0.2743851480779412, 0.1856640050456785, 0.33588839265223835]
	255/2017-08-27 15.17.53.jpg	1	[117.0, 0.568523, 0.306981, 0.8117647022008896, 4, 0.3283183024927109, 0.2751527419520376, 0.42808796074036126]
	255/2017-08-27 15.18.01.jpg	0	[110.0, 0.5806947, 0.29603994, 0.7764705866575241, 4, 0.30374634364462183, 0.18093070201573147, 0.5492164786499191]
	255/2017-08-27 15.17.59.jpg	0	[108.0, 0.5703617, 0.28935924, 0.7647058814764023, 2, 0.22899901737044998, 0.12722232437857375, 0.3472916240624817]
300
	300/IMG_6062.JPG	1	[97.0, 0.47329333, 0.24749142, 0.6784313768148422, 0, 0, 0, 0]
	300/IMG_6060.JPG	0	[101.0, 0.41463184, 0.24775983, 0.6627451032400131, 0, 0, 0, 0]
262
	262/2019-01-20 15.36.08.jpg	1	[86.0, 0.4909717, 0.2875228, 0.7960784360766411, 14, 0.30874652584763146, 0.19064397399840577, 0.41304734366426826]
	262/2019-01-20 15.36.07.jpg	0	[67.0, 0.5014974, 0.28344467, 0.780392162501812, 5, 0.28546617469349733, 0.1777597058142042, 0.38]
313
	313/IMG_6401.JPG	1	[99.0, 0.39283794, 0.2823055, 0.7607843205332756, 1, 0.3230943696153309, 0.2649007912338503, 0.38128794799681154]
	313/IMG_6397.JPG	1	[104.0, 0.41076583, 0.28373137, 0.7686274573206902, 0, 0, 0, 0]
	313/IMG_6399.JPG	0	[100.0, 0.39453468, 0.2833727, 0.7647058889269829, 0, 0, 0, 0]
272
	272/2019-05-26 17.30.13.jpg	1	[77.0, 0.3884079, 0.27264106, 0.7725490257143974, 4, 0.3531218650881254, 0.31432741527979746, 0.40463730403942205]
	272/2019-05-26 17.30.11.jpg	0	[69.0, 0.39058718, 0.26826447, 0.7490196153521538, 4, 0.35035497332567866, 0.2829397360439141, 0.38740802921135725]
	272/2019-05-26 17.30.10.jpg	0	[65.0, 0.39892432, 0.266688, 0.7411764785647392, 4, 0.36472301957258596, 0.3160511880000065, 0.41290904467370276]
	272/2019-05-26 17.30.14.jpg	0	[72.0, 0.3851846, 0.27084756, 0.7647058889269829, 4, 0.3300408197655542, 0.26682043130468913, 0.39480990816690353]
	272/2019-05-26 17.30.11_1.jpg	0	[67.0, 0.38570026, 0.26984647, 0.7568627521395683, 4, 0.3669820608819209, 0.300391658790726, 0.45207228923610027]
	272/2019-05-26 17.30.15.jpg	0	[70.0, 0.38016754, 0.26547033, 0.7450980469584465, 3, 0.3454957156446424, 0.27219151568156497, 0.4081740297464749]
	272/2019-05-26 17.30.06.jpg	0	[43.0, 0.4120794, 0.2654367, 0.7176470682024956, 4, 0.36656636115611907, 0.23424128477616132, 0.5445514357447292]
248
	248/2017-07-30 09.13.09.jpg	0	[93.0, 0.39527646, 0.26449284, 0.7215686365962029, 5, 0.1859439289345226, 0.12127827339783481, 0.2919699993643359]
	248/2017-07-30 09.13.13.jpg	1	[104.0, 0.3942518, 0.2669078, 0.7215686365962029, 3, 0.21110687782800422, 0.17541160386140583, 0.2429584143019493]
	248/2017-07-30 09.13.09_1.jpg	0	[90.0, 0.40090218, 0.26321572, 0.7176470682024956, 4, 0.22121926907458672, 0.14326031713659138, 0.3370436118040738]
264
	264/2019-05-13 10.38.24_15.jpg	1	[83.0, 0.53113353, 0.22435752, 0.6392156928777695, 2, 0.287934838684724, 0.25000126576828846, 0.32535757229699475]
	264/2019-05-13 10.38.24_12.jpg	0	[85.0, 0.55674696, 0.26025864, 0.7333333343267441, 2, 0.25122619827993586, 0.21363380707328883, 0.28504280712598234]
	264/2019-05-13 10.38.24_13.jpg	0	[51.0, 0.57910055, 0.24699396, 0.7019607871770859, 2, 0.24493441648819553, 0.2090682079684346, 0.26298478612350623]
	264/2019-05-13 10.38.24_14.jpg	0	[36.0, 0.5721702, 0.20626429, 0.5490196049213409, 1, 0.3083499910649672, 0.30042863704569034, 0.3162713450842441]
108
	108/img-2011-07-04-1406-2.JPG	1	[125.0, 0.46522844, 0.363116, 0.9529411755502224, 2, 0.23747634444027493, 0.21090291469842182, 0.26937469790996077]
	108/img-2011-07-04-1406-1.JPG	0	[120.0, 0.455712, 0.36739862, 0.960784312337637, 1, 0.21794591397050067, 0.2178771067366818, 0.21801472120431956]
	108/img-2011-07-04-1406.JPG	0	[127.0, 0.42930958, 0.37314552, 0.960784312337637, 2, 0.2596626684111167, 0.17561154876144724, 0.35691530512412484]
169
	169/img-2011-11-06-1205-1.JPG	0	[62.0, 0.41661176, 0.29329798, 0.7843137346208096, 2, 0.32758260470174544, 0.26249923963530297, 0.42335872111990686]
	169/img-2011-11-06-1205.JPG	0	[66.0, 0.43256694, 0.29834697, 0.7921568714082241, 1, 0.15397827617990967, 0.15396250941859776, 0.15399404294122157]
	169/img-2011-11-06-1205-3.JPG	0	[52.0, 0.48495114, 0.27130482, 0.7450980469584465, 1, 0.15244302977167773, 0.13805571693740107, 0.16683034260595442]
	169/img-2011-11-06-1205-4.JPG	0	[50.0, 0.4729992, 0.2653355, 0.7215686365962029, 1, 0.14442758934062552, 0.12969500860636485, 0.1591601700748862]
	169/img-2011-11-06-1205-2.JPG	1	[57.0, 0.4181582, 0.28937656, 0.776470597833395, 2, 0.23230358364532996, 0.10928988195453528, 0.3329503807378185]
	169/img-2011-11-06-1205-5.JPG	1	[47.0, 0.43445802, 0.2751416, 0.7647058889269829, 1, 0.12351795914559144, 0.11163458618111187, 0.135401332110071]
178
	178/img-2011-11-08-1241-6.jpg	1	[64.0, 0.5292295, 0.26043725, 0.7176470682024956, 7, 0.27378019222019817, 0.12253577034896797, 0.45400070132549836]
	178/img-2011-11-08-1241-5.jpg	0	[34.0, 0.57800853, 0.23929861, 0.6588235348463058, 2, 0.3151555246966471, 0.2642623693712568, 0.3953356954492651]
256
	256/2018-02-22 11.15.44.jpg	1	[99.0, 0.5919957, 0.2553144, 0.7490196079015732, 1, 0.2916776972144469, 0.2870554541016524, 0.2962999403272415]
	256/2018-02-22 11.15.45.jpg	0	[95.0, 0.5925226, 0.25834244, 0.7529411762952805, 1, 0.3438617317898308, 0.34307472164489716, 0.3446487419347645]
	256/2018-02-22 11.15.42.jpg	0	[76.0, 0.58514196, 0.23933473, 0.6941176354885101, 1, 0.32075991974288276, 0.3146263599392694, 0.3268934795464961]
312
	312/IMG_6392.JPG	0	[104.0, 0.5228657, 0.26501852, 0.7450980395078659, 1, 0.218788845649167, 0.206779833184776, 0.230797858113558]
	312/IMG_6391.JPG	1	[93.0, 0.5416463, 0.25377184, 0.7294117659330368, 2, 0.20524700354527164, 0.13521401681056297, 0.2774954555768379]
247
	247/2017-07-21 18.48.56.jpg	1	[49.0, 0.4111009, 0.25773653, 0.7411764785647392, 2, 0.42496411136149626, 0.3632124422070478, 0.48834887427670104]
	247/2017-07-21 18.48.54.jpg	0	[59.0, 0.28135204, 0.25368887, 0.6627451162785292, 1, 0.3624929200077279, 0.32852067046805516, 0.39646516954740063]
135
	135/img-2011-08-26-1040-1.JPG	0	[42.0, 0.62569726, 0.21194814, 0.5725490152835846, 2, 0.30918234441078174, 0.2910744713038656, 0.34000292617440186]
	135/img-2011-08-26-1040.JPG	1	[37.0, 0.6230635, 0.18538988, 0.46666666865348816, 2, 0.2945836526237776, 0.26484534139769683, 0.33196538806072784]
270
	270/2019-05-14 18.29.46.jpg	1	[48.0, 0.63035524, 0.2242337, 0.5686274468898773, 1, 0.3618996539788285, 0.35355339059327373, 0.3702459173643832]
	270/2019-05-14 18.28.43.jpg	0	[48.0, 0.59062, 0.23344435, 0.6078431308269501, 0, 0, 0, 0]
	270/2019-05-14 18.28.59.jpg	1	[49.0, 0.6646512, 0.23398447, 0.5843137204647064, 0, 0, 0, 0]
311
	311/IMG_6384.JPG	1	[87.0, 0.6077943, 0.24104244, 0.690196081995964, 2, 0.28502513645031513, 0.25, 0.33479118419449133]
	311/IMG_6383.JPG	0	[83.0, 0.59529996, 0.21434735, 0.5843137353658676, 1, 0.25737712429686843, 0.25, 0.26475424859373686]
325
	325/IMG_6656.JPG	1	[65.0, 0.59759384, 0.22128764, 0.5999999940395355, 1, 0.46629487193510744, 0.4348039459143227, 0.49778579795589223]
	325/IMG_6655.JPG	0	[67.0, 0.6026275, 0.22101532, 0.6039215624332428, 1, 0.30509188277635946, 0.28226193612795364, 0.3279218294247653]
	325/IMG_6657.JPG	0	[65.0, 0.5982096, 0.22259028, 0.6039215624332428, 1, 0.13676967068524357, 0.12256650396949544, 0.1509728374009917]
130
	130/img-2011-08-16-1427.JPG	1	[52.0, 0.53864276, 0.24928948, 0.674509808421135, 1, 0.2695251085773709, 0.25580343909058023, 0.2832467780641616]
	130/img-2011-08-16-1427-2.JPG	0	[45.0, 0.6995447, 0.20925263, 0.5764705836772919, 0, 0, 0, 0]
	130/img-2011-08-16-1426.JPG	0	[28.0, 0.66012645, 0.20641157, 0.6235294044017792, 0, 0, 0, 0]
	130/img-2011-08-16-1427-1.JPG	0	[46.0, 0.6405343, 0.19943571, 0.5058823525905609, 0, 0, 0, 0]
	130/img-2011-08-16-1427-3.JPG	0	[37.0, 0.6385993, 0.20726581, 0.5607843101024628, 0, 0, 0, 0]
146
	146/img-2011-10-20-1238-1.JPG	1	[53.0, 0.46277347, 0.2440776, 0.6470588371157646, 5, 0.3202149218278113, 0.24809812619568786, 0.3882564726920481]
	146/img-2011-10-20-1238.JPG	0	[55.0, 0.48531976, 0.24453247, 0.6588235348463058, 5, 0.3084077490871786, 0.21086327750095002, 0.44985944088365526]
383
	383/IMG_8087.JPG	1	[103.0, 0.5037807, 0.29052934, 0.8705882281064987, 2, 0.26519561508711287, 0.21872655733696528, 0.3087329194386327]
	383/IMG_8088.JPG	0	[105.0, 0.49536678, 0.29141375, 0.8745098039507866, 2, 0.2376946226247426, 0.18080066202939776, 0.2960217322754893]
105
	105/img-2011-07-01-1228.JPG	0	[50.0, 0.5411136, 0.22571366, 0.6431372612714767, 1, 0.30952380952380953, 0.2857142857142857, 0.33333333333333337]
	105/img-2011-07-01-1229-2.JPG	0	[48.0, 0.53700686, 0.21237168, 0.5882353037595749, 1, 0.23461734445069057, 0.226039782766553, 0.24319490613482814]
	105/img-2011-07-01-1229.JPG	1	[42.0, 0.5538556, 0.23020476, 0.6627451032400131, 1, 0.33237254842540875, 0.2945006343596664, 0.3702444624911511]
	105/img-2011-07-01-1229-1.JPG	0	[25.0, 0.57589054, 0.24881053, 0.717647060751915, 1, 0.27552480676696184, 0.26214743865937834, 0.28890217487454534]
355
	355/IMG_0011.JPG	1	[87.0, 0.27127054, 0.24206, 0.5725490413606167, 4, 0.3328991139339833, 0.2538470508005519, 0.3918918918918919]
	355/IMG_0021.JPG	0	[87.0, 0.28038973, 0.24776016, 0.5960784517228603, 4, 0.33115802461019617, 0.27077018752058873, 0.4037356281387654]
	355/IMG_0006.JPG	1	[83.0, 0.24273144, 0.22926575, 0.5215686522424221, 3, 0.3314864380273149, 0.29775954815525835, 0.36825874380576906]
	355/IMG_0024.JPG	1	[84.0, 0.25158665, 0.23616214, 0.5450980626046658, 3, 0.32021402397278276, 0.28737026924664694, 0.35465423412053854]
	355/IMG_0018.JPG	0	[76.0, 0.26701257, 0.23428415, 0.5450980626046658, 3, 0.28387365859879, 0.23347415312937503, 0.34964186089821925]
324
	324/IMG_6651.JPG	1	[87.0, 0.53419715, 0.2562641, 0.7215686291456223, 1, 0.4743682594866455, 0.4487365189732911, 0.5]
	324/IMG_6649.JPG	1	[97.0, 0.5180713, 0.2635207, 0.7333333343267441, 3, 0.3226264020169989, 0.1697974801152065, 0.478075938223818]
	324/IMG_6650.JPG	1	[95.0, 0.5382298, 0.26661462, 0.760784313082695, 1, 0.22265469583235994, 0.21306340370416338, 0.2322459879605565]
	324/IMG_6652.JPG	0	[91.0, 0.5171661, 0.26728433, 0.7215686291456223, 0, 0, 0, 0]
155
	155/img-2011-10-24-2141-1.JPG	1	[76.0, 0.30412853, 0.2744127, 0.7333333482965827, 0, 0, 0, 0]
	155/img-2011-10-24-2141.JPG	0	[88.0, 0.36523068, 0.31368816, 0.82352942135185, 0, 0, 0, 0]
	155/img-2011-10-24-2142.JPG	0	[49.0, 0.25777987, 0.20982863, 0.5372549258172512, 0, 0, 0, 0]
	155/img-2011-10-24-2141-3.JPG	0	[49.0, 0.30338076, 0.2274514, 0.5843137465417385, 0, 0, 0, 0]
	155/img-2011-10-24-2141-2.JPG	0	[39.0, 0.30621538, 0.22924682, 0.5843137465417385, 0, 0, 0, 0]
378
	378/IMG_5634.JPG	1	[82.0, 0.64719707, 0.24664965, 0.6313725411891937, 1, 0.3741635640156548, 0.33840910343950675, 0.4099180245918029]
	378/IMG_5632.JPG	0	[33.0, 0.61579084, 0.2699488, 0.7411764711141586, 0, 0, 0, 0]
	378/IMG_5633.JPG	0	[29.0, 0.61563194, 0.26970816, 0.7450980395078659, 0, 0, 0, 0]
267
	267/2019-05-13 10.38.24_70.jpg	0	[54.0, 0.38687703, 0.1765494, 0.4588235467672348, 2, 0.2583285263332051, 0.2102353324910547, 0.3087053138358001]
	267/2019-05-13 10.38.24_69.jpg	1	[60.0, 0.37703705, 0.17115018, 0.43529413640499115, 2, 0.24159024759777387, 0.17616606585441102, 0.3235294117647059]
	267/2019-05-13 10.38.24_71.jpg	0	[50.0, 0.391939, 0.17864315, 0.4627451151609421, 0, 0, 0, 0]
364
	364/IMG_7549.JPG	0	[81.0, 0.660189, 0.24319175, 0.6745097935199738, 1, 0.39757518999553865, 0.35378693981177806, 0.4413634401792993]
	364/IMG_7550.JPG	1	[79.0, 0.65902257, 0.24597907, 0.6823529303073883, 1, 0.38213253356578164, 0.3455170364423585, 0.4187480306892048]
	364/IMG_7548.JPG	0	[85.0, 0.58811307, 0.27917835, 0.7294117659330368, 2, 0.36464425829174296, 0.28003409406065466, 0.475]
186
	186/img-2011-12-12-2053-2.jpg	1	[73.0, 0.41757497, 0.2583093, 0.6705882512032986, 6, 0.2917045783832867, 0.2, 0.3543877503641782]
	186/img-2011-12-12-2053-1.jpg	0	[70.0, 0.408032, 0.25317755, 0.6549019776284695, 5, 0.31096853832647836, 0.2487592975524973, 0.4]
148
	148/img-2011-10-21-0957-1.JPG	1	[57.0, 0.5925374, 0.19214782, 0.5019607841968536, 4, 0.3429128328561094, 0.2550216851577047, 0.43359760296571764]
	148/img-2011-10-21-0956-1.JPG	0	[52.0, 0.53234816, 0.19368568, 0.5254901945590973, 2, 0.38772228156028776, 0.3455333137566659, 0.43597370951167336]
	148/img-2011-10-21-0957.JPG	0	[55.0, 0.5921171, 0.19069284, 0.48235294222831726, 3, 0.31076250908071695, 0.19894187311935763, 0.42505618430373476]
	148/img-2011-10-21-0956.JPG	0	[53.0, 0.5506649, 0.21160819, 0.5294117778539658, 1, 0.1945992389082596, 0.18472194595269248, 0.20447653186382672]
165
	165/img-2011-10-31-1020-1.JPG	1	[51.0, 0.60941, 0.19919926, 0.5333333313465118, 2, 0.3652040773127168, 0.30028698509964924, 0.40887298597010036]
	165/img-2011-10-31-1021-2.JPG	1	[49.0, 0.59618825, 0.21136685, 0.6117647141218185, 2, 0.3380604111255254, 0.27100045543378976, 0.39450272004533476]
	165/img-2011-10-31-1020-2.JPG	1	[40.0, 0.56859034, 0.17773326, 0.43529412150382996, 2, 0.3742670182235388, 0.3123381237393684, 0.411800845415813]
	165/img-2011-10-31-1020.JPG	0	[56.0, 0.5344509, 0.2170602, 0.6235294193029404, 1, 0.26854428543705566, 0.25792594370192545, 0.2791626271721859]
	165/img-2011-10-31-1021-1.JPG	0	[56.0, 0.6788123, 0.20865697, 0.49803921580314636, 1, 0.2705512143105971, 0.255919459404174, 0.2851829692170202]
	165/img-2011-10-31-1021.JPG	0	[31.0, 0.5484196, 0.17224067, 0.42352941632270813, 1, 0.3259850176595379, 0.29493101485078205, 0.3570390204682937]
218
	218/2017-01-15 10.21.59.jpg	1	[111.0, 0.7155413, 0.2374421, 0.6313725411891937, 1, 0.29953523924572845, 0.29953523924572845, 0.29953523924572845]
	218/2017-01-15 10.21.56.jpg	1	[109.0, 0.7253648, 0.2300993, 0.6156862676143646, 1, 0.23808692969511142, 0.23406139731288847, 0.24211246207733436]
	218/2017-01-15 10.22.00.jpg	1	[109.0, 0.7114161, 0.23837735, 0.6313725411891937, 1, 0.2736710712851963, 0.2665141644195273, 0.28082797815086524]
	218/2017-01-15 10.21.57.jpg	0	[101.0, 0.71850634, 0.235264, 0.6274509727954865, 0, 0, 0, 0]
144
	144/img-2011-10-20-0047-1.JPG	1	[60.0, 0.41820726, 0.26348254, 0.6980392262339592, 1, 0.4070847277822644, 0.3918762284202066, 0.4222932271443222]
	144/img-2011-10-20-0047-2.JPG	0	[68.0, 0.41844112, 0.26271018, 0.7137254998087883, 0, 0, 0, 0]
	144/img-2011-10-20-0047.JPG	0	[59.0, 0.4793126, 0.29786673, 0.7333333417773247, 0, 0, 0, 0]
112
	112/img-2011-07-08-1236.JPG	1	[88.0, 0.5220377, 0.26117727, 0.6941176503896713, 1, 0.2711008544025919, 0.248973301616926, 0.29322840718825777]
	112/img-2011-07-08-1236-1.JPG	0	[96.0, 0.47231665, 0.28304043, 0.7333333417773247, 1, 0.2983385931399212, 0.28073941786395795, 0.3159377684158845]
345
	345/IMG_4127.JPG	1	[81.0, 0.49070102, 0.27585927, 0.7019607871770859, 1, 0.38647995054062095, 0.3662959277697784, 0.40666397331146353]
	345/IMG_4129.JPG	0	[66.0, 0.5250158, 0.24478334, 0.6627451032400131, 1, 0.14883312397220588, 0.1432832712880688, 0.15438297665634293]
	345/IMG_4128.JPG	1	[59.0, 0.51010466, 0.25476104, 0.690196081995964, 0, 0, 0, 0]
138
	138/img-2011-10-17-1531-4.jpg	1	[60.0, 0.5414125, 0.309567, 0.8823529444634914, 1, 0.36063391716077675, 0.3538403506232289, 0.3674274836983247]
	138/img-2011-10-17-1531-1.jpg	0	[74.0, 0.46652377, 0.33070338, 0.8745098076760769, 1, 0.30519544824634826, 0.28539089649269644, 0.325]
	138/img-2011-10-17-1531.jpg	0	[66.0, 0.44154683, 0.32192934, 0.8666666727513075, 1, 0.24861416682784865, 0.2447806819621564, 0.2524476516935409]
	138/img-2011-10-17-1531-3.jpg	0	[67.0, 0.5295874, 0.31117803, 0.8784313760697842, 0, 0, 0, 0]
	138/img-2011-10-17-1531-2.jpg	0	[75.0, 0.50792354, 0.35806817, 0.9450980387628078, 0, 0, 0, 0]
213
	213/2016-12-23 15.17.52.jpg	1	[73.0, 0.4737615, 0.2437173, 0.7254901975393295, 1, 0.41467489751222986, 0.41387638728247295, 0.41547340774198677]
	213/2016-12-23 15.18.18.jpg	0	[62.0, 0.5617141, 0.27809143, 0.7999999970197678, 1, 0.4022133784496868, 0.3877471219035748, 0.4166796349957988]
	213/2016-12-23 15.18.00.jpg	1	[66.0, 0.4481046, 0.29104418, 0.8352941200137138, 1, 0.3703906590561624, 0.367153050619205, 0.3736282674931199]
	213/2016-12-23 15.18.14.jpg	0	[68.0, 0.62114733, 0.28459397, 0.7803921550512314, 1, 0.32456762918594206, 0.3122109867989031, 0.3369242715729811]
	213/2016-12-23 15.18.01.jpg	0	[52.0, 0.48689586, 0.2926265, 0.8274509757757187, 1, 0.24108499653669413, 0.22590324820554872, 0.25626674486783957]
	213/2016-12-23 15.18.08.jpg	0	[62.0, 0.53678, 0.2857671, 0.8078431338071823, 0, 0, 0, 0]
	213/2016-12-23 15.18.12.jpg	0	[42.0, 0.54018253, 0.30010542, 0.831372544169426, 0, 0, 0, 0]
259
	259/2019-01-19 16.36.32.jpg	1	[75.0, 0.4558677, 0.23356807, 0.6078431457281113, 3, 0.32033086963613355, 0.19624519902191093, 0.4118932599592784]
	259/2019-01-19 16.36.14.jpg	0	[60.0, 0.49184743, 0.25623992, 0.690196081995964, 3, 0.3593048063092235, 0.31559243142733123, 0.4670748230102302]
	259/2019-01-19 16.36.19.jpg	0	[61.0, 0.45916313, 0.25466228, 0.6588235348463058, 1, 0.3315996370319305, 0.3071940904791785, 0.3560051835846826]
156
	156/img-2011-10-25-0029-1.JPG	1	[43.0, 0.5821922, 0.2397867, 0.7254901975393295, 2, 0.23969176930502883, 0.2230143343408325, 0.24951314462072213]
	156/img-2011-10-25-0029-2.JPG	0	[36.0, 0.6453874, 0.2237225, 0.6274509727954865, 2, 0.2722547724973549, 0.2494187472320299, 0.2942990478243866]
	156/img-2011-10-25-0029-3.JPG	0	[35.0, 0.56785196, 0.26193887, 0.7921568602323532, 1, 0.2201997044418018, 0.20988701126515227, 0.23051239761845133]
314
	314/IMG_6408.JPG	1	[127.0, 0.5847731, 0.3390302, 0.8823529407382011, 1, 0.15427210518935747, 0.1510779149200996, 0.15746629545861532]
	314/IMG_6409.JPG	0	[119.0, 0.57485497, 0.31602937, 0.8352941125631332, 0, 0, 0, 0]
205
	205/2016-10-31 10.44.53.jpg	1	[100.0, 0.4735495, 0.21475811, 0.6000000089406967, 25, 0.2922759875319098, 0.14776353114138543, 0.45267873021259264]
	205/2016-10-31 10.45.12.jpg	0	[94.0, 0.4527595, 0.20863962, 0.5764705985784531, 17, 0.2674429044820612, 0.13760081152442907, 0.4703604341917987]
	205/2016-10-31 10.45.11.jpg	0	[84.0, 0.4539811, 0.20734659, 0.5764705985784531, 16, 0.2776829424113013, 0.1168412475673972, 0.46335279146477987]
	205/2016-10-31 10.45.10.jpg	1	[92.0, 0.4553843, 0.20935315, 0.5803921669721603, 16, 0.29301038105649385, 0.11744404390294069, 0.5892556509887896]
	205/2016-10-31 10.44.25.jpg	0	[97.0, 0.44408473, 0.22329088, 0.6274509876966476, 12, 0.3707137868968367, 0.24748737341529162, 0.5967950934463552]
	205/2016-10-31 10.44.23.jpg	0	[89.0, 0.4212504, 0.21780813, 0.5960784405469894, 12, 0.3303132952220871, 0.21035158095583564, 0.5645523534622582]
	205/2016-10-31 10.44.06.jpg	0	[96.0, 0.4207731, 0.22794735, 0.6352941319346428, 9, 0.29725333537031173, 0.15339299776947407, 0.4508214534013755]
	205/2016-10-31 10.44.05.jpg	0	[98.0, 0.42106003, 0.23318931, 0.6470588371157646, 5, 0.2925423335565776, 0.1917412472118426, 0.39467610868816316]
140
	140/img-2011-10-17-1535-1.jpg	1	[60.0, 0.44232973, 0.30781525, 0.8627451024949551, 2, 0.33530076682155563, 0.25328999467708524, 0.4034957777384986]
	140/img-2011-10-17-1535.jpg	0	[58.0, 0.42408437, 0.30916056, 0.8509803991764784, 0, 0, 0, 0]
351
	351/IMG_4955.JPG	1	[127.0, 0.4861126, 0.26044828, 0.674509808421135, 11, 0.2783268499463077, 0.16040427145518268, 0.3641205162218227]
	351/IMG_4951.JPG	0	[127.0, 0.4795854, 0.26870918, 0.7098039239645004, 8, 0.2711800593735417, 0.18745014804257001, 0.35355339059327373]
	351/IMG_4952.JPG	0	[127.0, 0.42847598, 0.23082568, 0.6078431457281113, 8, 0.2893307691330631, 0.14705882352941177, 0.5759952710359587]
113
	113/img-2011-07-08-1243.JPG	0	[83.0, 0.4950855, 0.26185057, 0.7333333343267441, 1, 0.3269385943492791, 0.29623876729169457, 0.35763842140686364]
	113/img-2011-07-08-1243-1.JPG	1	[81.0, 0.5157765, 0.23764543, 0.647058829665184, 1, 0.2986641704537528, 0.2648082557111257, 0.33252008519637993]
382
	382/IMG_8075.JPG	1	[69.0, 0.44973952, 0.30360603, 0.9137254878878593, 2, 0.3120603593174671, 0.29008269350161275, 0.326883770712984]
	382/IMG_8074.JPG	1	[75.0, 0.43805146, 0.30187207, 0.9019607827067375, 1, 0.2998114838766127, 0.284932375532674, 0.31469059222055146]
	382/IMG_8079.JPG	0	[75.0, 0.48477176, 0.3181759, 0.8980392143130302, 2, 0.30652259231055773, 0.2846359709381448, 0.3440117091155048]
	382/IMG_8078.JPG	0	[75.0, 0.44365734, 0.3126082, 0.9098039194941521, 1, 0.3081718767838971, 0.30478655028492524, 0.311557203282869]
	382/IMG_8077.JPG	0	[75.0, 0.47340962, 0.31720343, 0.8980392143130302, 1, 0.31062001514151794, 0.30660350596953645, 0.31463652431349937]
	382/IMG_8082.JPG	0	[80.0, 0.4730272, 0.32207862, 0.8980392143130302, 1, 0.3107127084821183, 0.3014092112107685, 0.32001620575346806]
	382/IMG_8081.JPG	0	[78.0, 0.4834945, 0.32089704, 0.894117645919323, 1, 0.2956825550148027, 0.2858392593322295, 0.30552585069737587]
	382/IMG_8076.JPG	1	[79.0, 0.46929088, 0.31447378, 0.9058823511004448, 1, 0.1442856292556675, 0.14181138444455268, 0.14675987406678237]
	382/IMG_8080.JPG	0	[68.0, 0.47479492, 0.31794485, 0.894117645919323, 1, 0.29552772189283283, 0.28604437318840087, 0.30501107059726484]
	382/IMG_8083.JPG	0	[30.0, 0.39448515, 0.28821626, 0.7607843205332756, 0, 0, 0, 0]
356
	356/IMG_7119.JPG	0	[98.0, 0.49667203, 0.32362747, 0.9098039194941521, 4, 0.2669060402478994, 0.21667136124825614, 0.30248178052437424]
	356/IMG_7123.JPG	1	[95.0, 0.49861893, 0.323689, 0.9176470562815666, 3, 0.34100527226782335, 0.30876163070075696, 0.36004583191142936]
	356/IMG_7122.JPG	0	[93.0, 0.50482744, 0.3232298, 0.9098039194941521, 4, 0.295643257335843, 0.2028403059000332, 0.3919359077464274]
	356/IMG_7121.JPG	0	[89.0, 0.48818073, 0.32059142, 0.9176470562815666, 4, 0.32016480713697215, 0.10033751872534366, 0.4245498147497387]
	356/IMG_7118.JPG	1	[102.0, 0.49009395, 0.32431838, 0.9137254878878593, 3, 0.3518978833545871, 0.2933640271046981, 0.4280781449495776]
368
	368/IMG_7825.JPG	1	[78.0, 0.55536896, 0.25538176, 0.7411764711141586, 1, 0.3808374365745777, 0.3765361134199408, 0.38513875972921463]
	368/IMG_7824.JPG	0	[84.0, 0.53060526, 0.26346764, 0.7450980395078659, 0, 0, 0, 0]
160
	160/img-2011-10-27-0642.jpg	1	[92.0, 0.25695238, 0.2961492, 0.7411764850839972, 2, 0.3644801100458773, 0.33193835072884537, 0.3972417924457178]
	160/img-2011-10-27-0643.jpg	0	[99.0, 0.30824333, 0.32206997, 0.8196078529581428, 1, 0.31626850791354516, 0.31482450182241717, 0.31771251400467315]
133
	133/img-2011-08-17-1204-5.JPG	1	[46.0, 0.54889196, 0.27774325, 0.7764705941081047, 3, 0.2949346826613318, 0.22703830459324992, 0.3886604323048897]
	133/img-2011-08-17-1205.JPG	0	[30.139999999984866, 0.6086614, 0.206041, 0.56470587849617, 1, 0.30725231567811717, 0.28234981803532855, 0.33215481332090585]
304
	304/IMG_6143.JPG	0	[66.0, 0.5928092, 0.24109912, 0.6509803980588913, 1, 0.27437997023198457, 0.2460239978545028, 0.3027359426094663]
	304/IMG_6142.JPG	1	[57.0, 0.5816662, 0.23724468, 0.6392156779766083, 1, 0.351070730957501, 0.320493512919159, 0.38164794899584303]
231
	231/2017-08-17 07.12.58.jpg	1	[66.0, 0.6027971, 0.24985988, 0.6862744987010956, 1, 0.32664797597454565, 0.3118860566196884, 0.34140989532940297]
	231/2017-08-17 07.12.58_1.jpg	1	[63.0, 0.6147949, 0.24573626, 0.6627450883388519, 1, 0.3415121940387792, 0.32563976624952595, 0.35738462182803243]
	231/2017-08-17 07.13.00.jpg	0	[67.0, 0.5654787, 0.24303162, 0.6627451032400131, 1, 0.11011314073835288, 0.10676808668718282, 0.11345819478952293]
	231/2017-08-17 07.13.00_1.jpg	0	[62.0, 0.5340509, 0.23429857, 0.6274509876966476, 1, 0.12719621378558432, 0.12649849982905836, 0.12789392774211025]
153
	153/img-2011-10-24-1426.jpg	1	[65.0, 0.45910072, 0.20804024, 0.5568627640604973, 2, 0.25209730356860177, 0.18794100413722054, 0.31573786516665264]
	153/img-2011-10-24-1426-1.jpg	0	[59.0, 0.38544247, 0.2280161, 0.5607843324542046, 3, 0.29480924345539344, 0.19067970441059742, 0.39046319503317756]
384
	384/IMG_8600.JPG	0	[63.0, 0.68041295, 0.3280278, 0.7686274498701096, 1, 0.383424926209026, 0.37579527473288277, 0.39105457768516927]
	384/IMG_8601.JPG	0	[58.0, 0.69180614, 0.31782886, 0.7450980246067047, 1, 0.3870959329993799, 0.3732167228262631, 0.40097514317249666]
	384/IMG_8602.JPG	0	[60.0, 0.6889136, 0.32045728, 0.749019593000412, 1, 0.34674154293686255, 0.34307036632940974, 0.3504127195443153]
	384/IMG_8597.JPG	1	[59.0, 0.7020775, 0.31430182, 0.7372548878192902, 1, 0.24780669787821907, 0.2430392487289583, 0.2525741470274799]
	384/IMG_8599.JPG	0	[62.0, 0.6877297, 0.3210967, 0.749019593000412, 1, 0.21340488883963402, 0.205194735281064, 0.22161504239820404]
	384/IMG_8598.JPG	0	[60.0, 0.6906399, 0.31960887, 0.749019593000412, 1, 0.20933614337541664, 0.19921174084146998, 0.2194605459093633]
	384/IMG_8593.JPG	1	[59.0, 0.69925237, 0.31779343, 0.7450980246067047, 1, 0.18340226012198052, 0.17472555428916417, 0.19207896595479687]
	384/IMG_8595.JPG	0	[57.0, 0.6962921, 0.3206779, 0.7529411762952805, 1, 0.3586069954216643, 0.3023481424528982, 0.4148658483904304]
	384/IMG_8596.JPG	0	[58.0, 0.70608926, 0.31217387, 0.7333333194255829, 1, 0.12302655871719345, 0.11555359347901836, 0.13049952395536854]
	384/IMG_8594.JPG	0	[57.0, 0.6984558, 0.31705117, 0.7450980246067047, 1, 0.07442013095547406, 0.07031771677858487, 0.07852254513236324]
246
	246/2017-07-19 21.12.03.jpg	0	[74.0, 0.520308, 0.27361032, 0.7647058814764023, 1, 0.3531047582710417, 0.3314147779027483, 0.3747947386393351]
	246/2017-07-19 21.12.04.jpg	1	[71.0, 0.5085144, 0.27126, 0.7568627446889877, 1, 0.34344126015008514, 0.32248603106406976, 0.3643964892361006]
	246/2017-07-19 21.11.58.jpg	0	[69.0, 0.51132333, 0.29927176, 0.823529414832592, 2, 0.37489563779957485, 0.3105499835522048, 0.4319722464661253]
134
	134/img-2011-08-22-2104.JPG	1	[58.0, 0.45768613, 0.23678596, 0.6313725635409355, 1, 0.3838880583293163, 0.33052830011976825, 0.43724781653886435]
	134/img-2011-08-22-2103.JPG	0	[64.0, 0.49082014, 0.25165716, 0.6705882400274277, 0, 0, 0, 0]
101
	101/img-2011-07-01-1103-5.JPG	0	[64.0, 0.3841148, 0.19036672, 0.41568630188703537, 1, 0.1143167653579108, 0.11380445934249747, 0.11482907137332414]
	101/img-2011-07-01-1103-1.JPG	0	[58.0, 0.37268257, 0.19458061, 0.45098041743040085, 1, 0.2022538985921835, 0.1785976516260853, 0.22591014555828173]
	101/img-2011-07-01-1103.JPG	0	[59.0, 0.37207887, 0.21985084, 0.5019608065485954, 1, 0.23835151564498402, 0.22342266608921582, 0.2532803652007522]
	101/img-2011-07-01-1103-4.JPG	0	[59.0, 0.38866284, 0.21640727, 0.4705882593989372, 1, 0.10060021896327638, 0.08615568959944721, 0.11504474832710555]
	101/img-2011-07-01-1103-3.JPG	1	[67.0, 0.39063844, 0.19301292, 0.4274510070681572, 0, 0, 0, 0]
	101/img-2011-07-01-1103-2.JPG	0	[63.0, 0.38713935, 0.21667577, 0.4745098277926445, 0, 0, 0, 0]
120
	120/img-2011-07-16-1748.JPG	1	[96.0, 0.54326564, 0.32374725, 0.8705882355570793, 2, 0.295458618314433, 0.25129565033368073, 0.3303917276023261]
	120/img-2011-07-16-1747-4.JPG	0	[66.0, 0.5383889, 0.32317156, 0.8509803935885429, 2, 0.369841564853094, 0.3382761709492307, 0.423606797749979]
315
	315/IMG_6463.JPG	1	[127.0, 0.5602341, 0.29502898, 0.8431372493505478, 2, 0.27335882632221986, 0.21428571428571427, 0.3023651981160122]
	315/IMG_6462.JPG	1	[121.0, 0.57087994, 0.2978867, 0.8352941125631332, 1, 0.25590539263497036, 0.25044714890630443, 0.26136363636363635]
	315/IMG_6461.JPG	0	[127.0, 0.55714726, 0.29860508, 0.8509803861379623, 1, 0.13399016073497916, 0.13011086758189283, 0.1378694538880655]
275
	275/2019-06-06 17.57.57.jpg	0	[36.0, 0.56484264, 0.15965232, 0.4313725531101227, 1, 0.29959611691014154, 0.2977963393489975, 0.3013958944712856]
	275/2019-06-06 17.57.58.jpg	1	[39.0, 0.48776537, 0.18128145, 0.48627451062202454, 1, 0.29294563401202445, 0.28494770501727223, 0.30094356300677666]
369
	369/IMG_7868.JPG	0	[84.0, 0.5506072, 0.28116012, 0.8196078389883041, 1, 0.365074629803878, 0.3499989102571178, 0.3801503493506382]
	369/IMG_7867.JPG	1	[90.0, 0.47834858, 0.28804913, 0.7882352918386459, 1, 0.4055134127191613, 0.38504024162091705, 0.4259865838174055]
	369/IMG_7869.JPG	0	[75.0, 0.47222304, 0.27809653, 0.7450980395078659, 1, 0.2942376052897612, 0.2685712915946598, 0.3199039189848625]
185
	185/img-2011-11-23-1727-2.JPG	1	[47.0, 0.5031771, 0.252089, 0.7490196190774441, 1, 0.3650034003715654, 0.3458359503048246, 0.3841708504383062]
	185/img-2011-11-23-1727-3.JPG	0	[35.0, 0.52530384, 0.20316859, 0.5725490301847458, 1, 0.24885303449686333, 0.23643594389368106, 0.2612701251000456]
302
	302/IMG_6122.JPG	1	[73.0, 0.54882455, 0.23938692, 0.6784313768148422, 1, 0.3624033864566606, 0.36100546175136805, 0.36380131116195313]
	302/IMG_6120.JPG	0	[63.0, 0.5446993, 0.24026765, 0.6823529452085495, 1, 0.27666070129441905, 0.2518868125783982, 0.30143459001043993]
	302/IMG_6121.JPG	0	[68.0, 0.5335149, 0.24074498, 0.6784313768148422, 0, 0, 0, 0]
158
	158/img-2011-10-25-1259.jpg	0	[109.0, 0.53695065, 0.31180575, 0.8000000044703484, 1, 0.30266326473834093, 0.29904458356083746, 0.30628194591584446]
	158/img-2011-10-25-1259-1.jpg	1	[99.0, 0.4758141, 0.2882561, 0.7450980469584465, 0, 0, 0, 0]
374
	374/IMG_5592.JPG	1	[43.0, 0.41740006, 0.19459933, 0.4431372731924057, 1, 0.20466937991478318, 0.1899128194124546, 0.21942594041711178]
	374/IMG_5593.JPG	0	[42.0, 0.3604648, 0.18449953, 0.4588235467672348, 0, 0, 0, 0]
366
	366/IMG_7723.JPG	0	[92.0, 0.45232117, 0.23476177, 0.6352941244840622, 3, 0.2537146997977957, 0.15309104254501535, 0.3173225723958494]
	366/IMG_7720.JPG	0	[90.0, 0.47165146, 0.24948196, 0.6823529452085495, 3, 0.32980518763079686, 0.26787746666576734, 0.40950017142358747]
	366/IMG_7721.JPG	1	[88.0, 0.42712492, 0.23519053, 0.6235294193029404, 3, 0.3144386487426893, 0.24897592155899465, 0.3842680156267163]
	366/IMG_7722.JPG	1	[101.0, 0.48631588, 0.23891555, 0.6549019664525986, 2, 0.23238360016994647, 0.1677220771264988, 0.3023098608928057]
	366/IMG_7718.JPG	0	[79.0, 0.436841, 0.22933981, 0.6196078509092331, 2, 0.2716467627672818, 0.2250409525126903, 0.29752283465729906]
	366/IMG_7719.JPG	0	[88.0, 0.47550696, 0.24785651, 0.6705882400274277, 1, 0.21270336568853487, 0.2068003842766734, 0.21860634710039636]
167
	167/img-2011-11-04-1245-1.JPG	1	[82.0, 0.43403408, 0.24165463, 0.6980392262339592, 5, 0.29024562911506263, 0.19206430775621783, 0.362461365714568]
	167/img-2011-11-04-1245.JPG	0	[77.0, 0.44256973, 0.24400665, 0.7019607946276665, 3, 0.33315223206036043, 0.19848197389075112, 0.43984735624007215]
249
	249/2017-08-10 11.10.49.jpg	1	[73.0, 0.44125804, 0.1741429, 0.4588235318660736, 2, 0.29788146730293336, 0.2187237705813594, 0.3794798922135446]
	249/2017-08-10 11.10.41.jpg	0	[35.0, 0.57847273, 0.17870346, 0.47058823704719543, 2, 0.3584781437875697, 0.3235661997240804, 0.418349453749111]
100
	100/img-2011-07-01-0955.JPG	1	[62.0, 0.6489286, 0.3046805, 0.8901960775256157, 1, 0.2471055135216511, 0.24215525922248218, 0.25205576782082]
	100/img-2011-07-01-0955-1.JPG	0	[42.0, 0.5731577, 0.27944005, 0.8156862780451775, 0, 0, 0, 0]
122
	122/img-2011-07-24-1211.JPG	1	[64.0, 0.5240786, 0.23693962, 0.6431372612714767, 2, 0.2130291237699815, 0.16666666666666666, 0.25716638505238626]
	122/img-2011-07-24-1211-1.JPG	0	[56.0, 0.52153796, 0.22683513, 0.6078431457281113, 2, 0.1914588482371003, 0.16694222384762533, 0.2191088123790562]
363
	363/IMG_7540.JPG	1	[113.0, 0.5846308, 0.27599922, 0.7372549027204514, 2, 0.3576072313672695, 0.3396525544303506, 0.3719335389654433]
	363/IMG_7538.JPG	0	[116.0, 0.5739223, 0.26850963, 0.717647060751915, 2, 0.3423249810790524, 0.3181547112632926, 0.3827119040309418]
	363/IMG_7536.JPG	0	[121.0, 0.56016845, 0.28370163, 0.7568627446889877, 2, 0.2715015400841262, 0.21213203435596426, 0.3246137365805978]
253
	253/2018-04-21 19.53.18.jpg	0	[98.0, 0.29066175, 0.17302935, 0.4117647334933281, 3, 0.3066622999240624, 0.21007617459650105, 0.37252585172586566]
	253/2018-04-21 19.53.23.jpg	0	[107.0, 0.43317088, 0.23153363, 0.6313725635409355, 3, 0.3555378827879018, 0.28387818801228754, 0.44943855249503006]
	253/2018-04-21 19.53.28.jpg	0	[105.0, 0.3658397, 0.24006039, 0.6274509951472282, 5, 0.3762949732857394, 0.19611613513818404, 0.5891799630938361]
	253/2018-04-21 19.53.26.jpg	1	[106.0, 0.37189746, 0.24100581, 0.6274509951472282, 3, 0.3770956356244761, 0.30092308563562364, 0.47076705664438934]
343
	343/IMG_0158.JPG	0	[125.0, 0.5343031, 0.26698422, 0.7450980395078659, 2, 0.34548387235135025, 0.33693410359287534, 0.35355339059327373]
	343/IMG_0159.JPG	0	[128.0, 0.54016554, 0.27941704, 0.7843137234449387, 1, 0.3485330589914108, 0.34843736066518566, 0.34862875731763593]
	343/IMG_0161.JPG	1	[57.0, 0.5290255, 0.2620503, 0.7294117659330368, 1, 0.3600156474511707, 0.3531787503387911, 0.3668525445635503]
308
	308/IMG_6268.JPG	0	[90.0, 0.5030267, 0.268609, 0.7411764711141586, 1, 0.38803549834547674, 0.38068424699181763, 0.39538674969913584]
	308/IMG_6269.JPG	1	[90.0, 0.49296138, 0.27030444, 0.7411764711141586, 1, 0.37078748153612273, 0.36772379273763994, 0.3738511703346056]
	308/IMG_6267.JPG	1	[91.0, 0.50483537, 0.26933956, 0.7372549027204514, 1, 0.3666373253107091, 0.35566006471256256, 0.3776145859088556]
103
	103/img-2011-07-01-1127-1.JPG	0	[120.0, 0.5920152, 0.24699494, 0.6313725560903549, 0, 0, 0, 0]
	103/img-2011-07-01-1127.JPG	0	[99.0, 0.6192766, 0.24970827, 0.6705882251262665, 0, 0, 0, 0]
	103/img-2011-07-01-1126-3.JPG	0	[53.0, 0.63495827, 0.23089482, 0.6470588147640228, 0, 0, 0, 0]
	103/img-2011-07-01-1126-1.JPG	0	[41.0, 0.6421615, 0.22859862, 0.6313725411891937, 0, 0, 0, 0]
	103/img-2011-07-01-1126-5.JPG	1	[36.0, 0.5611506, 0.22095017, 0.6117646992206573, 0, 0, 0, 0]
	103/img-2011-07-01-1126-2.JPG	1	[36.0, 0.5611518, 0.22095358, 0.6117646992206573, 0, 0, 0, 0]
	103/img-2011-07-01-1126.JPG	0	[30.0, 0.5559785, 0.22199123, 0.6156862676143646, 0, 0, 0, 0]
370
	370/IMG_7884.JPG	1	[89.0, 0.51558757, 0.31014395, 0.894117645919323, 1, 0.3974740491532139, 0.3709009311429554, 0.42404716716347235]
	370/IMG_7883.JPG	0	[68.0, 0.50605404, 0.2767233, 0.803921565413475, 1, 0.37216540079836324, 0.3333333333333333, 0.41099746826339323]
	370/IMG_7882.JPG	0	[64.0, 0.5310611, 0.28959203, 0.8392156809568405, 0, 0, 0, 0]
	370/IMG_7881.JPG	0	[58.0, 0.4845627, 0.27366206, 0.7764705941081047, 0, 0, 0, 0]
200
	200/2016-09-17 15.24.09.jpg	1	[62.0, 0.6091045, 0.19790144, 0.5411764681339264, 1, 0.4650148849511251, 0.4254705178175546, 0.5045592520846955]
	200/2016-09-17 15.24.06.jpg	0	[47.0, 0.5728311, 0.20666468, 0.5764705836772919, 2, 0.2910297989396299, 0.26610007244439693, 0.31232878675455056]
	200/2016-09-17 15.24.05.jpg	0	[50.0, 0.60356337, 0.19621077, 0.5529411733150482, 1, 0.2559801177362313, 0.23903979582007825, 0.27292043965238433]
	200/2016-09-17 15.23.47.jpg	1	[51.0, 0.58706814, 0.21599814, 0.5725490152835846, 1, 0.411648811325398, 0.3849669672922241, 0.4383306553585719]
	200/2016-09-17 15.24.04.jpg	0	[43.0, 0.6973716, 0.17814966, 0.4470588266849518, 1, 0.33862612190053454, 0.32386294218114886, 0.35338930161992027]
	200/2016-09-17 15.23.56.jpg	0	[46.0, 0.571438, 0.20696254, 0.5529411733150482, 1, 0.2578209366515643, 0.25777332600877806, 0.25786854729435055]
362
	362/IMG_7496.JPG	1	[90.0, 0.42116463, 0.27332366, 0.7490196153521538, 5, 0.35300018458044524, 0.24300159208461186, 0.42599197471856876]
	362/IMG_7497.JPG	0	[91.0, 0.43520153, 0.2776277, 0.7764705941081047, 4, 0.34952483216544317, 0.2175722263048164, 0.4152960394137566]
	362/IMG_7495.JPG	0	[93.0, 0.43863854, 0.27755034, 0.7647058889269829, 5, 0.3045931960732902, 0.1527793938498512, 0.44505185536593145]
	362/IMG_7494.JPG	0	[93.0, 0.44811764, 0.28427497, 0.8039215728640556, 4, 0.32790061593947395, 0.17765446781416994, 0.4168364712857186]
	362/IMG_7498.JPG	0	[82.0, 0.42474437, 0.2724685, 0.7568627521395683, 4, 0.2927640793017044, 0.23166010360880054, 0.38554852433459863]
260
	260/2019-01-19 16.42.07.jpg	1	[115.0, 0.63819116, 0.2922126, 0.7882352918386459, 5, 0.29813124739055463, 0.2014892062837781, 0.43011844106223734]
	260/2019-01-19 16.42.17.jpg	0	[104.0, 0.636635, 0.28128392, 0.7647058814764023, 3, 0.2673680539585573, 0.19231040536177305, 0.36460927546913996]
163
	163/img-2011-10-27-1333.jpg	1	[87.0, 0.56257755, 0.26626915, 0.7137254923582077, 3, 0.3182286807994288, 0.29936488792445104, 0.3485031187898931]
	163/img-2011-10-27-1333-1.jpg	0	[85.0, 0.49758896, 0.2683607, 0.717647060751915, 4, 0.2766878041505177, 0.12720831007715713, 0.35828570555996564]
265
	265/2019-05-13 10.38.24_35.jpg	1	[103.0, 0.48207814, 0.26440522, 0.7294117659330368, 6, 0.30403170614173375, 0.2099580125958015, 0.3788431207807752]
	265/2019-05-13 10.38.24_34.jpg	0	[61.0, 0.453492, 0.26027206, 0.717647060751915, 2, 0.28821243548928427, 0.25524221374868605, 0.34779992470544857]
162
	162/img-2011-10-27-1232-3.jpg	1	[59.0, 0.4835912, 0.3403631, 0.9019607827067375, 0, 0, 0, 0]
	162/img-2011-10-27-1232-2.jpg	1	[55.0, 0.45263338, 0.34045637, 0.9137254878878593, 0, 0, 0, 0]
	162/img-2011-10-27-1232-1.jpg	0	[38.0, 0.41150635, 0.3982407, 0.9686274509876966, 1, 0.2839098644994964, 0.2807975535479443, 0.2870221754510486]
	162/img-2011-10-27-1232.jpg	0	[42.0, 0.39575008, 0.3990393, 0.9764705887064338, 0, 0, 0, 0]
107
	107/img-2011-07-01-1633-2.JPG	0	[56.0, 0.46701917, 0.28017178, 0.7137254998087883, 1, 0.3183691189000608, 0.31799631254714567, 0.3187419252529759]
	107/img-2011-07-01-1631-2.JPG	0	[45.0, 0.55634856, 0.26358598, 0.6705882400274277, 1, 0.36321434939143454, 0.334196428506501, 0.3922322702763681]
	107/img-2011-07-01-1630.JPG	0	[56.0, 0.446965, 0.3046011, 0.7568627558648586, 1, 0.24420975511393256, 0.22166384170594142, 0.26675566852192373]
	107/img-2011-07-01-1633-3.JPG	1	[50.0, 0.5186384, 0.32121345, 0.7450980469584465, 1, 0.36599330117211065, 0.35954351110304417, 0.37244309124117714]
	107/img-2011-07-01-1633-1.JPG	0	[57.0, 0.480979, 0.2773499, 0.733333345502615, 0, 0, 0, 0]
	107/img-2011-07-01-1633.JPG	0	[51.0, 0.5177643, 0.27124095, 0.709803931415081, 0, 0, 0, 0]
	107/img-2011-07-01-1631.JPG	0	[47.0, 0.48124614, 0.28733587, 0.7294117733836174, 1, 0.5515028323958245, 0.35300566479164913, 0.75]
	107/img-2011-07-01-1630-1.JPG	0	[42.0, 0.5338098, 0.30443946, 0.7568627521395683, 0, 0, 0, 0]
	107/img-2011-07-01-1631-1.JPG	0	[27.0, 0.43099323, 0.2957367, 0.7294117771089077, 0, 0, 0, 0]
143
	143/img-2011-10-19-1350.JPG	0	[56.0, 0.48737574, 0.26128408, 0.6862745210528374, 1, 0.3625270942151174, 0.32477941965094426, 0.40027476877929064]
	143/img-2011-10-19-1349-1.JPG	0	[59.0, 0.41783345, 0.25346696, 0.6549019739031792, 1, 0.28098267721611403, 0.25695435315390663, 0.3050110012783214]
	143/img-2011-10-19-1349.JPG	0	[51.0, 0.42171204, 0.25197148, 0.6470588371157646, 1, 0.28995281392162187, 0.27572196598384485, 0.30418366185939893]
	143/img-2011-10-19-1350-1.JPG	1	[54.0, 0.48547876, 0.26197988, 0.6941176578402519, 0, 0, 0, 0]
219
	219/2017-01-28 20.16.19.jpg	0	[58.0, 0.47970274, 0.2771352, 0.8235294073820114, 4, 0.310220847975882, 0.2, 0.40236892706218247]
	219/2017-01-28 20.16.20.jpg	0	[61.0, 0.4850547, 0.2870747, 0.8392156809568405, 3, 0.2911061648528735, 0.2122113941628836, 0.3252496936433624]
	219/2017-01-28 20.16.22.jpg	1	[62.0, 0.55487704, 0.28422406, 0.7999999970197678, 3, 0.3394762203329715, 0.30794153617656866, 0.3824194710025688]
	219/2017-01-28 20.16.21.jpg	1	[67.0, 0.5812296, 0.29368567, 0.7999999970197678, 3, 0.32871860011294557, 0.2685757152690952, 0.36039927920216236]
	219/2017-01-28 20.16.10.jpg	0	[54.0, 0.45548406, 0.30129433, 0.866666667163372, 3, 0.3255303842327781, 0.28307052165495267, 0.3533865312597805]
	219/2017-01-28 20.16.09.jpg	0	[51.0, 0.45396048, 0.30789334, 0.8745098039507866, 2, 0.3156018972192333, 0.27127550615375773, 0.3570719647656986]
243
	243/IMG_20190330_181306.jpg	1	[90.0, 0.4783477, 0.27936047, 0.7686274573206902, 6, 0.33752190791713654, 0.15949044456578, 0.41609208290336147]
	243/IMG_20190330_181312.jpg	0	[87.0, 0.47273114, 0.27920097, 0.7686274573206902, 6, 0.3274635819726766, 0.189562906533183, 0.44553877438811074]
	243/IMG_20190330_181301.jpg	0	[86.0, 0.47378185, 0.2778219, 0.7647058889269829, 6, 0.31096212892502306, 0.16652217884872533, 0.45520897683248207]
	243/IMG_20190330_181241.jpg	0	[79.0, 0.47297508, 0.28094915, 0.7764705941081047, 6, 0.32008898140652536, 0.1577874419638172, 0.44536054200084263]
	243/IMG_20190330_181235.jpg	1	[89.0, 0.455107, 0.2917364, 0.7921568676829338, 5, 0.2859508396483877, 0.2015018902001096, 0.3409057955269134]
	243/IMG_20190330_181318.jpg	1	[76.0, 0.45185426, 0.27483547, 0.7686274573206902, 6, 0.26415408530227863, 0.17250670307346883, 0.4057072070321255]
	243/IMG_20190330_181234.jpg	1	[90.0, 0.4683246, 0.2965225, 0.8039215728640556, 5, 0.2686317252895095, 0.17606829984910985, 0.341343357855769]
	243/IMG_20190330_181236.jpg	0	[90.0, 0.45692077, 0.29285285, 0.7960784360766411, 5, 0.29236319705983127, 0.17762171965710669, 0.37962538481201097]
	243/IMG_20190330_181238.jpg	0	[81.0, 0.45587578, 0.2842649, 0.7843137308955193, 5, 0.3025915577424782, 0.1694883101068408, 0.38346131393159427]
	243/IMG_20190330_181235(1).jpg	0	[85.0, 0.49173602, 0.28053895, 0.752941183745861, 4, 0.2678887676189558, 0.14925557853149837, 0.41149322333068167]
373
	373/IMG_5568.JPG	1	[99.0, 0.58570564, 0.28479093, 0.7568627446889877, 2, 0.37445298753743694, 0.349238986369298, 0.4244704305824559]
	373/IMG_5567.JPG	0	[103.0, 0.5812421, 0.28463808, 0.7568627446889877, 1, 0.4253098840785445, 0.40663737956678514, 0.4439823885903038]
	373/IMG_5566.JPG	1	[94.0, 0.58479536, 0.28777283, 0.7568627446889877, 1, 0.1540440114519881, 0.1414213562373095, 0.16666666666666666]
360
	360/IMG_7403.JPG	0	[117.0, 0.47361782, 0.29133445, 0.8117647022008896, 2, 0.2989112858171206, 0.26712225493867037, 0.3327228322103969]
	360/IMG_7401.JPG	1	[126.0, 0.46638167, 0.3050108, 0.8549019619822502, 2, 0.2609234369181562, 0.16666666666666666, 0.34832495636884503]
273
	273/2019-05-26 17.30.37.jpg	1	[70.0, 0.37715566, 0.24761118, 0.7019607946276665, 6, 0.32384369690049486, 0.2783318284110019, 0.39139778083909094]
	273/2019-05-26 17.30.36.jpg	0	[68.0, 0.3775686, 0.24741462, 0.7019607946276665, 5, 0.3253194531827419, 0.2767926544263885, 0.3674524921109698]
	273/2019-05-26 17.30.34.jpg	0	[65.0, 0.37656334, 0.24561422, 0.6941176578402519, 5, 0.3266748497065913, 0.28294135827122135, 0.3826766869229994]
172
	172/img-2011-11-06-1207-2.JPG	1	[59.0, 0.3934398, 0.27782333, 0.7529411874711514, 4, 0.2763997630162639, 0.21075439842451166, 0.33363006019436886]
	172/img-2011-11-06-1207-1.JPG	0	[64.0, 0.4183905, 0.29394886, 0.7960784398019314, 3, 0.232386492126578, 0.15460531008683265, 0.30291233863508193]
	172/img-2011-11-06-1207.JPG	0	[47.0, 0.41463876, 0.27740788, 0.7725490257143974, 3, 0.27302796166213633, 0.19884103639910686, 0.34006515941418564]
228
	228/2017-04-28 14.20.47.jpg	1	[96.0, 0.47561735, 0.21966653, 0.5843137353658676, 10, 0.25850449321614816, 0.14285714285714285, 0.34132848834901675]
	228/2017-04-28 14.20.46.jpg	1	[95.0, 0.46187258, 0.2204891, 0.560784325003624, 9, 0.2633595619201215, 0.15088834764831843, 0.33333333333333337]
	228/2017-04-28 14.20.48.jpg	0	[93.0, 0.4683827, 0.21364999, 0.5411764830350876, 10, 0.22822752086909898, 0.11660190581423467, 0.44776673559449515]
	228/2017-04-28 14.20.44_1.jpg	0	[93.0, 0.4991534, 0.21237132, 0.5529411882162094, 7, 0.26553655616546556, 0.152542553961938, 0.3622109568369443]
	228/2017-04-28 14.20.49.jpg	0	[93.0, 0.4753523, 0.21109341, 0.5490196198225021, 9, 0.24372392105299973, 0.10598622671862418, 0.4871708245126285]
	228/2017-04-28 14.20.39.jpg	0	[88.0, 0.47211614, 0.21382178, 0.5294117778539658, 6, 0.24891961634577855, 0.1249024580421098, 0.39931454251427784]
250
	250/2017-08-31 19.42.51.jpg	1	[120.0, 0.3724181, 0.23507783, 0.6313725635409355, 1, 0.3340207545308357, 0.3326057670766312, 0.3354357419850401]
	250/2017-08-31 19.42.50.jpg	0	[107.0, 0.40390372, 0.2387588, 0.6509804055094719, 0, 0, 0, 0]
251
	251/2017-11-26 15.00.30.jpg	1	[109.0, 0.48569727, 0.2898478, 0.8039215728640556, 19, 0.26591626694592313, 0.15439385810549686, 0.4332658504189704]
	251/2017-11-26 15.00.31.jpg	0	[90.0, 0.519144, 0.28480983, 0.8000000044703484, 15, 0.2889614754347513, 0.16652217884872533, 0.47058823529411764]
	251/2017-11-26 15.00.20.jpg	0	[96.0, 0.48841205, 0.28881994, 0.7960784360766411, 15, 0.33529221371864165, 0.21841799838463088, 0.6183469424008422]
	251/2017-11-26 15.00.36.jpg	0	[102.0, 0.48751745, 0.3058013, 0.8313725516200066, 8, 0.32418227779609055, 0.14016549298025124, 0.46902052593080434]
	251/2017-11-26 15.00.23.jpg	0	[89.0, 0.5496984, 0.29057512, 0.823529414832592, 5, 0.3316446665774745, 0.21039623986651634, 0.46563307366641754]
125
	125/img-2011-07-24-1343-1.JPG	1	[109.0, 0.44725376, 0.32402596, 0.8352941200137138, 3, 0.29125776060176717, 0.24981529365782856, 0.3380531221741365]
	125/img-2011-07-24-1343.JPG	0	[111.0, 0.45521328, 0.33099508, 0.8431372568011284, 3, 0.25365561559501965, 0.2037978074609209, 0.30736845579728317]
170
	170/img-2011-11-06-1206-1.JPG	1	[59.0, 0.4063115, 0.2950069, 0.8117647133767605, 2, 0.340197632099271, 0.3126998993370874, 0.35591046254123726]
	170/img-2011-11-06-1205-7.JPG	0	[38.0, 0.46443352, 0.2849003, 0.7764705941081047, 4, 0.29104198427995404, 0.22492076588702956, 0.3888957673436327]
	170/img-2011-11-06-1205-6.JPG	0	[40.0, 0.44230342, 0.2730474, 0.7490196153521538, 1, 0.1735034419705782, 0.15915851490187127, 0.18784836903928517]
328
	328/IMG_6694.JPG	1	[72.0, 0.5295706, 0.291516, 0.823529414832592, 0, 0, 0, 0]
	328/IMG_6693.JPG	1	[68.0, 0.50292295, 0.27505708, 0.7490196079015732, 0, 0, 0, 0]
	328/IMG_6692.JPG	0	[58.0, 0.5180632, 0.25691867, 0.6941176503896713, 0, 0, 0, 0]
271
	271/2019-05-16 20.47.29.jpg	1	[67.0, 0.42437226, 0.28958532, 0.7764705941081047, 3, 0.3334466169238724, 0.2369238112448389, 0.40020959920409627]
	271/2019-05-16 20.47.30.jpg	1	[65.0, 0.42384925, 0.29038462, 0.7764705941081047, 3, 0.32784211119426704, 0.27114685342522776, 0.4111111111111111]
	271/2019-05-16 20.47.26.jpg	0	[63.0, 0.41434294, 0.28503016, 0.7568627521395683, 2, 0.36077430999115645, 0.3062973350274921, 0.3955835812940061]
	271/2019-05-16 20.47.28.jpg	0	[58.0, 0.41446558, 0.28903335, 0.7725490257143974, 3, 0.26281335587544113, 0.17681821644422083, 0.3323185721929051]
372
	372/IMG_7991.JPG	1	[127.0, 0.49637058, 0.2512076, 0.6823529452085495, 1, 0.20852366559035232, 0.20287086274164498, 0.21417646843905966]
	372/IMG_7992.JPG	0	[128.0, 0.512544, 0.25310284, 0.690196081995964, 1, 0.23565457246247465, 0.20889483560735095, 0.26241430931759835]
	372/IMG_7993.JPG	0	[127.0, 0.50105065, 0.25045758, 0.6705882400274277, 0, 0, 0, 0]
245
	245/IMG_20190511_111714.jpg	0	[80.0, 0.46088392, 0.28520337, 0.7411764785647392, 5, 0.21563692624335123, 0.12498157836553257, 0.3147261691549059]
	245/IMG_20190511_111712.jpg	1	[73.0, 0.48423564, 0.2987688, 0.7764705941081047, 5, 0.2327341794436252, 0.1296399681399217, 0.3101981869566216]
	245/IMG_20190511_111650.jpg	0	[78.0, 0.51180816, 0.28887054, 0.7764705941081047, 4, 0.20092428622172576, 0.16945956890446792, 0.28567942119002393]
	245/IMG_20190511_111727.jpg	0	[77.0, 0.46774572, 0.29494646, 0.7686274573206902, 5, 0.19474728947166503, 0.10723885062938501, 0.32042264489952943]
	245/IMG_20190511_111729.jpg	1	[77.0, 0.46546456, 0.2985714, 0.7686274573206902, 5, 0.19037304811134004, 0.10659690960661963, 0.30690781061864103]
	245/IMG_20190511_111728.jpg	0	[77.0, 0.4651427, 0.29641256, 0.7607843205332756, 5, 0.1982340095804461, 0.11795026314720276, 0.35155650854012976]
	245/IMG_20190511_111651.jpg	0	[78.0, 0.51992273, 0.29269677, 0.7882352992892265, 3, 0.18191171749855714, 0.12004581367998284, 0.2595268082739637]
233
	233/201_Good.jpg	1	[110.0, 0.4699576, 0.2913986, 0.7960784360766411, 2, 0.2779666590922674, 0.26610007244439693, 0.291547594742265]
	233/202_Bad.jpg	0	[111.0, 0.50146246, 0.2794222, 0.7411764711141586, 2, 0.20702418277797097, 0.1705664549276522, 0.282842712474619]
119
	119/img-2011-07-16-1747-3.JPG	1	[49.0, 0.63210505, 0.28484675, 0.7921568602323532, 1, 0.347032604872984, 0.3358923244164846, 0.3581728853294834]
	119/img-2011-07-16-1747-2.JPG	0	[57.0, 0.5140271, 0.31223187, 0.8039215728640556, 1, 0.16824808765539184, 0.14577434570521694, 0.19072182960556672]
215
	215/2017-01-02 10.11.57.jpg	1	[59.0, 0.564162, 0.19022398, 0.5098039209842682, 1, 0.3506996328183508, 0.3398982607217274, 0.36150100491497417]
	215/2017-01-02 10.11.51.jpg	1	[56.0, 0.5967726, 0.2164618, 0.6156862825155258, 1, 0.2493764312694835, 0.24177041193606089, 0.2569824506029061]
	215/2017-01-02 10.11.45.jpg	0	[64.0, 0.6404884, 0.2416237, 0.6980392187833786, 1, 0.07338248732154737, 0.06723706274101209, 0.07952791190208265]
	215/2017-01-02 10.11.48.jpg	0	[43.0, 0.6036235, 0.24330316, 0.6823529452085495, 1, 0.30239112194001994, 0.3000451240394545, 0.3047371198405854]
	215/2017-01-02 10.11.55.jpg	0	[59.0, 0.5438652, 0.19583677, 0.52156862616539, 0, 0, 0, 0]
139
	139/img-2011-10-17-1533.jpg	0	[59.0, 0.43992764, 0.23727861, 0.6470588371157646, 2, 0.3013975380217139, 0.23651774990351243, 0.37663501242485364]
	139/img-2011-10-17-1533-1.jpg	1	[73.0, 0.4419715, 0.24477434, 0.6823529526591301, 2, 0.25726239657008304, 0.11528093785389382, 0.38454445597003206]
106
	106/img-2011-07-01-1629-1.JPG	1	[52.0, 0.5641554, 0.21402209, 0.6235294193029404, 2, 0.22323586555854957, 0.16130486864517188, 0.30213051959014864]
	106/img-2011-07-01-1629-3.JPG	0	[45.0, 0.5994283, 0.15463984, 0.3764705955982208, 1, 0.12739319400051027, 0.10969090208894212, 0.14509548591207844]
	106/img-2011-07-01-1629-2.JPG	0	[45.0, 0.59652567, 0.17159264, 0.3843137323856354, 0, 0, 0, 0]
	106/img-2011-07-01-1629.JPG	0	[46.0, 0.48600638, 0.28164113, 0.7372549138963223, 0, 0, 0, 0]
269
	269/2019-05-13 10.38.44_62.jpg	0	[51.0, 0.52252465, 0.24702236, 0.7058823555707932, 2, 0.3223130414283928, 0.27193517909365533, 0.3566352663506604]
	269/2019-05-13 10.38.44_61.jpg	0	[44.0, 0.5279218, 0.24614044, 0.7019607871770859, 2, 0.3508659292432919, 0.33171851730222957, 0.39375864632999874]
	269/2019-05-13 10.38.44_63.jpg	1	[51.0, 0.53278023, 0.24313414, 0.7019607871770859, 2, 0.27608272382525983, 0.18645672938509952, 0.3733603693269695]
332
	332/IMG_6818.JPG	0	[123.0, 0.44132537, 0.2895112, 0.7647058889269829, 1, 0.16662535621044777, 0.16526545792263628, 0.16798525449825924]
	332/IMG_6819.JPG	0	[123.0, 0.4155209, 0.28080717, 0.752941183745861, 1, 0.41219158954146806, 0.3166890774818322, 0.5076941016011038]
	332/IMG_6820.JPG	1	[117.0, 0.41121298, 0.27759838, 0.7333333417773247, 1, 0.12644932685223478, 0.12235942830497594, 0.1305392253994936]
232
	232/102_Good.jpg	1	[82.0, 0.5648996, 0.27173954, 0.760784313082695, 2, 0.25229500085812506, 0.23060589672718357, 0.2716072381275556]
	232/103_Bad.jpg	1	[91.0, 0.5808613, 0.29250202, 0.7882352918386459, 1, 0.3124784582103685, 0.3025090754432592, 0.3224478409774778]
	232/104_Good.jpg	0	[82.0, 0.5954158, 0.27965593, 0.7999999970197678, 1, 0.2395357854385244, 0.2222222222222222, 0.2568493486548266]
	232/101_Bad.jpg	0	[79.0, 0.59210914, 0.2604166, 0.7568627446889877, 1, 0.30950260745844027, 0.2487592975524973, 0.3702459173643832]
118
	118/img-2011-07-16-1747-1.JPG	1	[59.0, 0.5976574, 0.25550652, 0.7215686291456223, 2, 0.3515033364709731, 0.33580417285085373, 0.3836356135987186]
	118/img-2011-07-16-1747.JPG	0	[73.0, 0.613755, 0.26765722, 0.7529411762952805, 2, 0.18241516531181629, 0.061902453940046814, 0.311682985877551]
331
	331/IMG_6817.JPG	1	[127.0, 0.43693906, 0.28660434, 0.7960784360766411, 1, 0.2250623079121678, 0.20962584018700858, 0.240498775637327]
	331/IMG_6816.JPG	0	[127.0, 0.43436798, 0.27600527, 0.7647058889269829, 1, 0.19757779525706787, 0.17572331689476206, 0.21943227361937365]
174
	174/img-2011-11-06-1237-3.JPG	1	[53.0, 0.46790352, 0.26771277, 0.7333333417773247, 3, 0.2315267004641397, 0.10831562728037282, 0.32527456954579775]
	174/img-2011-11-06-1237-4.JPG	1	[53.0, 0.4679616, 0.26772672, 0.7333333417773247, 3, 0.22313496015081555, 0.12056236393881126, 0.3299095563557274]
	174/img-2011-11-06-1237-2.JPG	0	[53.0, 0.4777849, 0.27202478, 0.752941183745861, 3, 0.26737798638528004, 0.11571654626922181, 0.44538808217908094]
	174/img-2011-11-06-1237-8.JPG	0	[48.0, 0.4959304, 0.29029542, 0.7921568714082241, 1, 0.39905113670416476, 0.3508886779083716, 0.4472135954999579]
	174/img-2011-11-06-1237-6.JPG	0	[38.0, 0.4302218, 0.27048212, 0.7372549138963223, 1, 0.34017251230358414, 0.31590506014608316, 0.3644399644610852]
	174/img-2011-11-06-1237-7.JPG	0	[46.0, 0.4142504, 0.26778266, 0.7254902087152004, 1, 0.4222447976886865, 0.3497841914234683, 0.4947054039539047]
	174/img-2011-11-06-1237-5.JPG	0	[58.0, 0.48410055, 0.28043827, 0.7686274573206902, 2, 0.23421793445840666, 0.12459881017258215, 0.36277504164218277]
