274
	274/2019-05-29 17.44.41.jpg	1	[-0.010203727493954234, 98.00510190801293, 10.244392163558619, 10.279133793787613]
	274/2019-05-29 17.44.42.jpg	0	[-0.28819001843993597, 263.8825496314601, 10.320150600783476, 10.330726805537216]
	274/2019-05-29 17.44.40.jpg	0	[-0.009569085907610575, 209.0095691589263, 10.301170090072747, 10.289493242511183]
129
	129/img-2011-07-30-1329-2.JPG	0	[-0.9246774229342948, 76.40026177965623, 10.316834064988722, 10.349908822221533]
	129/img-2011-07-30-1329-1.JPG	1	[-1.240498971965643, 74.0, 10.103922061646756, 10.274843493503072]
303
	303/IMG_6127.JPG	1	[0.009615088299702515, 104.00480758118829, 10.24025579490655, 10.257141694292983]
	303/IMG_6123.JPG	0	[-0.5713374798336268, 99.85990186255943, 10.220249077734724, 10.244647031348656]
137
	137/img-2011-09-18-1513-1.JPG	0	[-0.03417472361619509, 117.06835610018618, 10.277248728656131, 10.369920341653003]
	137/img-2011-09-18-1513.JPG	1	[-0.14843290925009506, 108.18964830333815, 10.403404602895293, 10.366867152975805]
344
	344/IMG_20190501_200322_1.jpg	1	[0.01538340178059515, 65.00769185258002, 10.01862051172754, 10.380394999625036]
	344/IMG_20190501_200326.jpg	0	[0.029231437372220313, 171.0730837975396, 10.155849225866596, 10.337785028888879]
	344/IMG_20190501_200324.jpg	0	[0.2825549524695875, 64.5600495662759, 10.159964014425153, 10.305289401294276]
	344/IMG_20190501_200323.jpg	0	[0.1343214419529685, 74.67261881037788, 10.30901559860614, 10.39158943802088]
	344/IMG_20190501_200320.jpg	0	[0.2063238940297175, 219.65882636488797, 10.180550855560629, 10.213986716838804]
131
	131/img-2011-08-17-1150.JPG	1	[1.549447257731549, 281.06404963993526, 10.249885372358287, 10.40800550237124]
	131/img-2011-08-17-1149-1.JPG	0	[1.485291033116692, 175.64168070250295, 10.230178275396119, 10.37905961896582]
	131/img-2011-08-17-1149.JPG	0	[0.48947212493323994, 121.23530838827442, 10.273255553284262, 10.393191595619468]
109
	109/img-2011-07-04-1516.JPG	0	[0.08314123188844123, 60.207972893961475, 10.290290359537662, 10.352318045311897]
	109/img-2011-07-04-1516-1.JPG	1	[-0.2135604334804882, 169.85876486069242, 10.165461192554138, 10.301473154694502]
	109/img-2011-07-04-1516-3.JPG	0	[-0.19335789673109366, 145.71547618561317, 10.218776131226145, 10.261863596985581]
	109/img-2011-07-04-1516-5.JPG	0	[-0.14816002073183138, 67.7421582177598, 10.243451515490046, 10.235552814688974]
	109/img-2011-07-04-1516-4.JPG	1	[-1.1341691669813554, 198.63534428696218, 10.244434985940043, 10.305143225892513]
	109/img-2011-07-04-1516-2.JPG	0	[-1.4505008498669425, 183.3248482884958, 10.287899012376977, 10.276371888457653]
220
	220/2017-01-28 20.17.17.jpg	0	[0, 0, 10.18012106053405, 10.355309703621513]
	220/2017-01-28 20.16.57.jpg	0	[0.0, 65.0, 10.206307678620318, 10.35723379924103]
	220/2017-01-28 20.17.07.jpg	0	[-0.22423475110909616, 58.463663928973865, 10.225928721886225, 10.314575904096992]
	220/2017-01-28 20.17.01.jpg	0	[-0.9912323415015735, 65.73431371817918, 10.277992544135488, 10.404978902449084]
	220/2017-01-28 20.16.55.jpg	0	[-0.6055446636049701, 94.86832980505137, 10.266145968753698, 10.357476014172768]
	220/2017-01-28 20.17.32.jpg	0	[0.05449145624073119, 55.08175741568164, 10.455347939552723, 10.35869861542134]
	220/2017-01-28 20.17.18.jpg	0	[-0.5702379750540449, 109.29318368498559, 10.341146735053053, 10.354013129453591]
	220/2017-01-28 20.16.58.jpg	1	[-0.7469555733762603, 73.59347797189639, 10.264990660695224, 10.3162705272614]
	220/2017-01-28 20.17.02.jpg	0	[-0.6692565365174581, 85.42833253669417, 10.147165408147858, 10.24758404847919]
145
	145/img-2011-10-20-1237-2.JPG	1	[-1.5563045877293966, 69.00724599634447, 10.165203009969192, 10.34648713796335]
	145/img-2011-10-20-1237-1.JPG	0	[-1.5517510108128802, 105.01904589168576, 10.297838180482652, 10.35826068529301]
	145/img-2011-10-20-1237-3.JPG	0	[-1.5707963267948966, 303.0, 10.179036937193517, 10.240027379869119]
	145/img-2011-10-20-1237.JPG	0	[-1.5235873349856823, 127.1416532848303, 10.277105823809032, 10.276026319407489]
104
	104/img-2011-07-01-1224-2.JPG	0	[0.9330340359182007, 139.40229553346674, 10.273863019942356, 10.331312818810458]
	104/img-2011-07-01-1224-3.JPG	1	[1.0110600022767235, 186.45374761586316, 10.21630979560838, 10.280948467576417]
	104/img-2011-07-01-1224-1.JPG	0	[0.9056936403254024, 64.81512169239521, 10.38215629392678, 10.30944147304161]
377
	377/IMG_5614.JPG	1	[0.7853981633974483, 79.19595949289332, 10.13650875866307, 10.250186076738864]
	377/IMG_5615.JPG	0	[0.14981245657289735, 53.600373133029585, 10.135233287714039, 10.224417775191027]
336
	336/IMG_6892.JPG	1	[0.010752273791101236, 186.01075237738274, 10.219455892930826, 10.360700030096247]
	336/IMG_6893.JPG	0	[-0.1702119252854744, 64.93843238021688, 10.297895598012179, 10.33432441375389]
354
	354/IMG_0015.JPG	1	[1.1520623132638799, 199.21094347449892, 10.145499869525358, 10.323330867051382]
	354/IMG_0017.JPG	0	[1.089015990351157, 172.6528308484978, 10.168974900997119, 10.33218373833847]
159
	159/img-2011-10-27-0444.JPG	1	[0.06656816377582381, 120.26637102698326, 10.280165038212695, 10.387073739096923]
	159/img-2011-10-27-0444-1.JPG	0	[0.5383745133462302, 83.86298349093002, 10.21596962903795, 10.288040841959939]
	159/img-2011-10-27-0444-2.JPG	0	[0.48088728019533583, 77.82673062643708, 10.33113218264547, 10.313700165655298]
222
	222/2017-01-31 20.11.49.jpg	1	[0.667526060200232, 108.23123393919151, 10.281681132915244, 10.28789553495384]
	222/2017-01-31 20.11.51.jpg	1	[-0.06656816377582381, 120.26637102698326, 10.314419654426379, 10.273132558571529]
	222/2017-01-31 20.11.51_1.jpg	0	[-1.2231894670389947, 73.38937252763509, 10.39843383147005, 10.363792616477845]
225
	225/2017-02-11 20.45.36.jpg	0	[0.5689270161826122, 174.4849563716024, 10.389129209770408, 10.447898134149005]
	225/2017-02-11 20.46.12.jpg	1	[-1.477319545636307, 128.56126943990557, 10.10967083222483, 10.465678987778096]
	225/2017-02-11 20.46.13.jpg	0	[-0.6177557255662326, 93.23089616645332, 10.094471814119583, 10.33778724508458]
	225/2017-02-11 20.45.48.jpg	1	[0.20539538918976738, 98.0612053770501, 10.308024597067568, 10.318845244200228]
	225/2017-02-11 20.45.48_1.jpg	0	[-0.333945071844894, 155.59562975867928, 10.28395337214484, 10.355066884893397]
254
	254/2018-05-28 08.47.18.jpg	0	[-1.442473099109102, 93.7709976485267, 10.173175125125137, 10.39211304610616]
	254/2018-05-28 08.47.20.jpg	1	[-1.4511778273191136, 209.49701668520245, 10.242961420750943, 10.309307023687433]
333
	333/IMG_6836.JPG	0	[0.6659692373791098, 106.82696288858914, 10.213871996081787, 10.26948953117624]
	333/IMG_6834.JPG	0	[0.3217505543966422, 66.40783086353596, 10.152330223153744, 10.218387208039784]
	333/IMG_6837.JPG	1	[-0.7758746418038355, 74.24957912338628, 10.142574928087788, 10.3211762577645]
	333/IMG_6835.JPG	0	[0.10827059086045604, 92.5418824100742, 10.207481961202834, 10.248805787488028]
	333/IMG_6833.JPG	0	[-1.1131366701780037, 74.68600939935136, 10.155765463201417, 10.280308326011395]
339
	339/IMG_6950.JPG	1	[0.10931853388790005, 82.49242389456137, 10.183421061419397, 10.24731911421677]
	339/IMG_6951.JPG	0	[0.0299910048568779, 100.04498987955368, 10.238670600785372, 10.274915960833908]
367
	367/IMG_7821.JPG	0	[1.4876550949064553, 252.87348615463821, 10.254251482283534, 10.393920669161991]
	367/IMG_7822.JPG	1	[-1.1324597669369387, 70.68238818828917, 10.205049528967113, 10.409189153898694]
	367/IMG_7823.JPG	0	[-0.4150747336946735, 64.47480127925948, 10.360428470308499, 10.332955918122611]
371
	371/IMG_7981.JPG	0	[0.8909645194607176, 214.74170531128786, 10.269532364373275, 10.300788693539165]
	371/IMG_7980.JPG	1	[0.14623542217978672, 130.39171752837677, 10.278841333661964, 10.310300351918666]
	371/IMG_7982.JPG	0	[-0.5720523611606719, 504.2866248474175, 10.252364839501475, 10.260492693770361]
175
	175/img-2011-11-06-1240.JPG	0	[1.5003249822161009, 85.21150157109074, 10.237705207230587, 10.297401303583255]
	175/img-2011-11-06-1240-2.JPG	0	[1.53020949054731, 197.1623696347759, 10.213923909946832, 10.278915922248654]
	175/img-2011-11-06-1240-1.JPG	0	[1.5095825774729013, 310.5817122755298, 10.167080688384504, 10.230084789761934]
	175/img-2011-11-06-1240-3.JPG	1	[1.3288757581104917, 158.61904047118682, 10.174060030172743, 10.198056999689449]
335
	335/IMG_6861.JPG	0	[-0.20095426368809702, 55.10898293381942, 10.302562757753112, 10.435835490751534]
	335/IMG_6862.JPG	1	[-0.10915346290887773, 220.31114361284588, 10.259406634864987, 10.324248506376026]
	335/IMG_6863.JPG	1	[-0.30828335514927296, 187.85632808079689, 10.265970952955866, 10.296361672520492]
	335/IMG_6865.JPG	0	[-0.28897540999256643, 77.20103626247513, 10.31898913969941, 10.301718904630883]
	335/IMG_6864.JPG	0	[-0.13306726200855692, 128.1327436684316, 10.326162824199267, 10.283537040949511]
268
	268/2019-05-13 10.38.24_79.jpg	0	[0.7106478327161417, 160.96272860510285, 10.198588883270123, 10.335925473249265]
	268/2019-05-13 10.38.24_80.jpg	1	[0.6078019961139605, 84.0535543567314, 10.217122639556514, 10.342343846843148]
	268/2019-05-13 10.38.24_77.jpg	0	[-0.01418344599130874, 141.01418368376991, 10.2313114152765, 10.393681507816359]
	268/2019-05-13 10.38.24_78.jpg	0	[1.170944094678269, 182.3869512876401, 10.360124333640794, 10.335973129924534]
350
	350/IMG_4912.JPG	0	[-0.7286031224825974, 211.7663807123312, 10.313073344620577, 10.394108577787364]
	350/IMG_4913.JPG	1	[-1.4101141209196328, 331.26726370107866, 10.248652299810075, 10.346028761093146]
320
	320/IMG_6558.JPG	1	[0.7118468729089086, 67.35725647619564, 10.345638782660501, 10.371214374892203]
	320/IMG_6559.JPG	0	[-1.5059522992416898, 77.1621668954417, 10.249123884765636, 10.34254598360677]
242
	242/IMG_1394.JPG	0	[0.5693131911006619, 118.72657663724664, 9.923708384376505, 10.311774612362237]
	242/IMG_1393.JPG	1	[-0.4948874424310744, 71.58910531638176, 9.980331151204117, 10.268896643252123]
258
	258/2019-01-02 21.02.56.jpg	1	[0.0, 76.0, 10.039502133491427, 10.309817033022401]
	258/2019-01-02 21.03.02.jpg	0	[-0.05167808448243, 58.077534382926416, 10.025060532689169, 10.28103593378123]
	258/2019-01-02 21.03.00.jpg	0	[-0.009900666587988573, 202.00990074746338, 10.052092483331867, 10.266949298220418]
	258/2019-01-02 21.03.07.jpg	0	[0.0, 58.0, 10.144399636949474, 10.307444553079554]
	258/2019-01-02 21.02.52.jpg	0	[0.01587168299179005, 63.00793600809346, 10.150567821536358, 10.29354373893066]
319
	319/IMG_6550.JPG	0	[0.5506755509122512, 66.88796603276258, 10.223377918021397, 10.309491474420243]
	319/IMG_6551.JPG	1	[-0.7121350296582089, 154.5639026422405, 10.258513845740142, 10.277041813418428]
	319/IMG_6552.JPG	0	[-1.4442041995149246, 55.44366510251645, 10.265862077504059, 10.333506331226944]
234
	234/303_Bad.jpg	0	[0.026660348374597954, 75.02666192761077, 10.250675086143335, 10.33284893614035]
	234/302_Good.jpg	1	[0.1672539374622611, 156.1793840428371, 10.161689498881556, 10.249214305413812]
	234/301_Bad.jpg	0	[0.07393903765794034, 54.147945482723536, 10.256873454613975, 10.303313356830037]
201
	201/2016-09-19 17.35.29.jpg	0	[1.4659193880646628, 171.9447585708852, 10.20193151997607, 10.344758707494131]
	201/2016-09-19 17.35.28.jpg	1	[1.4483352693775553, 196.4713719603953, 10.231800949558524, 10.251742730576574]
166
	166/img-2011-11-13-0807-1.JPG	0	[-0.011764163149758748, 170.01176429882727, 10.19064114126865, 10.276313365484263]
	166/img-2011-11-26-2031.JPG	1	[-1.5707963267948966, 111.0, 10.281930825553381, 10.377125219567347]
385
	385/IMG_8611.JPG	1	[1.5454852776520482, 158.05062480104277, 10.356736619621218, 10.374341369582904]
	385/IMG_8609.JPG	0	[-0.029403288204005115, 68.0294054067798, 10.394213064112549, 10.430404369865771]
	385/IMG_8610.JPG	0	[0.3518166794456865, 168.30923919975396, 10.32291917130446, 10.268940706655362]
	385/IMG_8607.JPG	0	[-1.0723369163282177, 269.8332818612263, 10.401907349792722, 10.352813211182287]
266
	266/2019-05-13 10.38.24_55.jpg	0	[0.007633439517493071, 131.00381673829202, 10.174700413447955, 10.265416152629024]
	266/2019-05-13 10.38.24_54.jpg	1	[0.06912048084718227, 130.31116606031887, 10.20429291985195, 10.235725724313467]
	266/2019-05-13 10.38.24_56.jpg	0	[-1.4089588955564738, 99.29753269845128, 10.188758444728167, 10.270806813438446]
214
	214/2016-12-31 20.26.10.jpg	0	[1.4565419988334571, 61.40032573203501, 10.113242775853815, 10.265965165574633]
	214/2016-12-31 20.25.55.jpg	1	[1.5332200374521734, 133.09395177843356, 10.246306335361362, 10.31248722562081]
	214/2016-12-31 20.26.09.jpg	0	[1.1174576309403337, 86.76404785393545, 10.196506754766556, 10.27866851265094]
	214/2016-12-31 20.25.57.jpg	1	[-1.089132649240035, 99.29753269845128, 10.281406204289258, 10.37619017658433]
	214/2016-12-31 20.26.06.jpg	0	[-0.5461665634337878, 59.682493245507096, 10.155157693664984, 10.255850580653851]
	214/2016-12-31 20.25.48.jpg	0	[-0.6947382761967031, 70.2922470831599, 10.279744974379533, 10.307728501574442]
	214/2016-12-31 20.25.58.jpg	1	[-1.1872688108379048, 61.465437442517235, 10.25508996143805, 10.302247636315615]
365
	365/IMG_7705.JPG	0	[1.0687061277729024, 58.180752831155424, 10.33213167484276, 10.387290444862114]
	365/IMG_7704.JPG	1	[-0.1297025371559121, 115.97413504743201, 10.282773725305825, 10.356647040502745]
	365/IMG_7703.JPG	0	[-0.9097531579442097, 171.0263137648707, 10.239562139686443, 10.341585660329915]
173
	173/img-2011-11-06-1237.JPG	0	[0.7039461190915773, 69.52697318307479, 10.241063385823805, 10.26657272799345]
	173/img-2011-11-06-1237-1.JPG	1	[-0.9056936403254024, 64.81512169239521, 10.259250095616837, 10.253808591648482]
102
	102/img-2011-07-01-1103-6.JPG	1	[1.4181469983996315, 52.61178575186362, 10.31339847234249, 10.256314104683495]
	102/img-2011-07-01-1103-7.JPG	0	[-0.4726971357145894, 98.8382517044894, 10.243321545841656, 10.304512924938985]
326
	326/IMG_6671.JPG	1	[-0.028838156871118882, 104.04326023342406, 10.157573531549163, 10.290679950403774]
	326/IMG_6670.JPG	0	[-0.4549142065923795, 204.83163818121457, 10.26612999078976, 10.303373394142339]
224
	224/2017-02-11 20.39.26.jpg	1	[1.464060654145761, 112.64102272262978, 10.196673610053473, 10.302155902479972]
	224/2017-02-11 20.39.22.jpg	1	[-0.04952215901848231, 343.4210244000795, 10.260336897228516, 10.285869374016253]
	224/2017-02-11 20.39.21.jpg	0	[0.06984504991674083, 243.5939243905726, 10.18600209463335, 10.215940232909322]
229
	229/2017-05-13 19.46.10.jpg	1	[0.2093853929534955, 327.1452276894774, 10.276082418560435, 10.271378401146109]
	229/2017-05-13 19.46.09.jpg	0	[-0.348771003583907, 81.93289937503738, 10.27397403838962, 10.29970769718057]
	229/2017-05-13 19.46.11.jpg	0	[0.04815551305991548, 166.19265928433782, 10.271198217218029, 10.248987973964512]
176
	176/img-2011-11-07-0127-3.JPG	0	[1.5108681716736887, 100.17983829094555, 10.295862081485774, 10.429997457213402]
	176/img-2011-11-07-0127-2.JPG	1	[1.5458015331759765, 160.04999218994044, 10.346621757226336, 10.369834177496202]
	176/img-2011-11-07-0127-1.JPG	1	[1.4884586302899645, 206.70026608594387, 10.271825117054494, 10.305282175942901]
	176/img-2011-11-07-0127-4.JPG	1	[1.5087642143821391, 161.31026005806325, 10.271355688547839, 10.293631098111959]
	176/img-2011-11-07-0127.JPG	0	[0.0, 81.0, 10.297133215298969, 10.430009538519466]
252
	252/2017-12-24 19.21.14.jpg	0	[-0.05549850524571683, 54.08326913195984, 10.002750018598402, 10.36320291295614]
	252/2017-12-24 19.21.11.jpg	1	[-0.04733304076656673, 190.21303845951255, 10.256001274073101, 10.418220864015488]
	252/2017-12-24 19.20.56.jpg	0	[-0.028563657838759995, 175.07141400011596, 10.041170057835446, 10.206496645372209]
180
	180/img-2011-11-11-1711.jpg	1	[1.509019365234547, 97.18538984847466, 10.208841075077592, 10.2726608724465]
	180/img-2011-11-11-1710-1.jpg	0	[-1.5572836357815685, 148.0135128966271, 10.183455149852751, 10.335401235318088]
	180/img-2011-11-11-1710.jpg	1	[-1.5489418833115343, 183.04371062672436, 10.355454014983858, 10.4032315607295]
223
	223/2017-02-04 13.28.59.jpg	1	[0.8863199480647421, 112.29425630903836, 10.156351787350513, 10.274299972229487]
	223/2017-02-04 13.28.54.jpg	0	[0.770620913989956, 143.55835050598765, 10.16747801831554, 10.266413727528228]
	223/2017-02-04 13.28.52.jpg	0	[-0.029841884667109377, 67.02984409947557, 10.226271914440101, 10.288031934309803]
346
	346/IMG_4842.JPG	1	[1.1932661313713584, 62.39390995922599, 10.228283089716422, 10.307705163637015]
	346/IMG_4841.JPG	0	[-1.2924966677897853, 72.80109889280519, 10.218469645069511, 10.32762154469885]
255
	255/2017-08-27 15.18.01.jpg	0	[1.5563045877293966, 69.00724599634447, 10.204899632111275, 10.265831820617763]
	255/2017-08-27 15.17.53.jpg	1	[0.7287424425995209, 237.26145915424192, 10.20911085839717, 10.292263869747808]
	255/2017-08-27 15.18.03.jpg	0	[-0.5737990133235553, 97.63708311906906, 10.27264099514515, 10.267032420750361]
	255/2017-08-27 15.17.59.jpg	0	[-0.7311877639227848, 182.70194306574848, 10.286537364543447, 10.282228074103811]
300
	300/IMG_6062.JPG	1	[0.20768931390142634, 266.73207531153804, 10.184178097446441, 10.290543586146804]
	300/IMG_6060.JPG	0	[0.252095980668074, 68.15423684555495, 10.220688382310694, 10.294639291826934]
262
	262/2019-01-20 15.36.07.jpg	0	[0.9327103275260373, 110.80162453682708, 10.244744791228445, 10.277040141447097]
	262/2019-01-20 15.36.08.jpg	1	[0.10768987083282068, 74.43117626371358, 10.25298656589912, 10.284540098095077]
313
	313/IMG_6397.JPG	1	[-0.03224688243525392, 155.08062419270823, 10.30246722846777, 10.414765527880748]
	313/IMG_6401.JPG	1	[0.007042137108312186, 142.00352108310554, 10.241350944335375, 10.361676270547662]
	313/IMG_6399.JPG	0	[-0.5260664189967634, 71.69379331573968, 10.274352011934218, 10.351100223797879]
272
	272/2019-05-26 17.30.11.jpg	0	[0.036347621019020664, 55.036351623268054, 10.287448857899914, 10.365015025247528]
	272/2019-05-26 17.30.06.jpg	0	[-0.6900361164950394, 81.68843247363729, 10.209222954632851, 10.310914189809688]
	272/2019-05-26 17.30.10.jpg	0	[-1.2714300927375446, 84.77027781009096, 10.276311830558043, 10.363053685564052]
	272/2019-05-26 17.30.11_1.jpg	0	[-0.9920813818816976, 89.58794561770016, 10.250039449476295, 10.31046811938765]
	272/2019-05-26 17.30.14.jpg	0	[-0.8079507300477526, 94.06912352095134, 10.219074395773212, 10.272776287010338]
	272/2019-05-26 17.30.13.jpg	1	[-1.5707963267948966, 75.0, 10.24416501575981, 10.334695189994138]
	272/2019-05-26 17.30.15.jpg	0	[-1.2911894789918519, 105.08092119885512, 10.278406370260276, 10.281848164016456]
248
	248/2017-07-30 09.13.09_1.jpg	0	[0.7641247773733871, 99.72462083156798, 10.237277811734373, 10.31868704920131]
	248/2017-07-30 09.13.09.jpg	0	[-0.7110015645726296, 228.31995094603536, 10.215537216542192, 10.269960805248916]
	248/2017-07-30 09.13.13.jpg	1	[-0.670857466600767, 160.86018774078315, 10.251806332595963, 10.257064075703104]
264
	264/2019-05-13 10.38.24_12.jpg	0	[1.156657776318685, 99.40321926376429, 10.262031750793644, 10.300937710888608]
	264/2019-05-13 10.38.24_15.jpg	1	[0.2899764106592323, 129.40247292845683, 10.24663842135499, 10.340793077239079]
	264/2019-05-13 10.38.24_13.jpg	0	[-0.5477400137159024, 117.13667231059623, 10.278551854948404, 10.309424250288375]
	264/2019-05-13 10.38.24_14.jpg	0	[-1.4305467171582915, 85.84287972802403, 10.275894579033695, 10.302084738699401]
108
	108/img-2011-07-04-1406-1.JPG	0	[1.4319888607122946, 137.32079230764728, 10.318685630075384, 10.27776129317146]
	108/img-2011-07-04-1406.JPG	0	[0.5255837935516102, 57.8013840664737, 10.169317764909843, 10.278689687579268]
	108/img-2011-07-04-1406-2.JPG	1	[-1.0335974273055508, 213.00234740490538, 10.28800357591914, 10.282248684660203]
169
	169/img-2011-11-06-1205-5.JPG	1	[1.5130571082697926, 173.2887763243771, 10.292966896940062, 10.430828838077387]
	169/img-2011-11-06-1205-4.JPG	0	[1.4864200193714252, 201.71762441591463, 10.304375054493692, 10.354627694872157]
	169/img-2011-11-06-1205-3.JPG	0	[1.4677147182721964, 116.61903789690601, 10.290498695559915, 10.318947375823498]
	169/img-2011-11-06-1205-2.JPG	1	[1.4738786990005335, 72.3394774656273, 10.209007355113318, 10.271373940096916]
	169/img-2011-11-06-1205.JPG	0	[-0.5916858281440615, 150.60212481900777, 10.254369409182628, 10.318181919109382]
	169/img-2011-11-06-1205-1.JPG	0	[-0.023525070985216914, 85.0235261559999, 10.280258548320296, 10.264359889651255]
178
	178/img-2011-11-08-1241-5.jpg	0	[-1.4570043196511886, 140.91131963046828, 10.24110100727986, 10.371430859779132]
	178/img-2011-11-08-1241-6.jpg	1	[-1.2610933822524404, 52.49761899362675, 10.213488049376943, 10.309563142640046]
256
	256/2018-02-22 11.15.44.jpg	1	[-0.11065722117389565, 90.55385138137417, 10.236011170500802, 10.308486400154491]
	256/2018-02-22 11.15.45.jpg	0	[-0.26916749278570046, 180.49930747789588, 10.18735171719155, 10.282049261867034]
	256/2018-02-22 11.15.42.jpg	0	[-0.01408357582286019, 71.00704190430693, 10.18151005365394, 10.247122365353498]
312
	312/IMG_6392.JPG	0	[0.9692924339625024, 328.68982338977276, 10.22755617307661, 10.243615465640922]
	312/IMG_6391.JPG	1	[-0.9526521008597094, 165.65325230734229, 10.25409895652252, 10.267812847120352]
247
	247/2017-07-21 18.48.56.jpg	1	[0.7665324773757776, 112.44998888394787, 10.241038428940072, 10.317717288608657]
	247/2017-07-21 18.48.54.jpg	0	[-0.27490984148067255, 162.0863967148385, 10.143907765062425, 10.258064696243475]
135
	135/img-2011-08-26-1040.JPG	1	[1.4078698679445238, 73.97972695272672, 10.28519148481906, 10.288976102308284]
	135/img-2011-08-26-1040-1.JPG	0	[-0.6489955589965009, 72.80109889280519, 10.298339369151078, 10.340095155038433]
270
	270/2019-05-14 18.28.59.jpg	1	[0.30195116183024934, 63.89053137985315, 10.244290506231957, 10.409608434707312]
	270/2019-05-14 18.29.46.jpg	1	[-0.12914729012802006, 77.64663547121665, 10.254655478580204, 10.333795106235364]
	270/2019-05-14 18.28.43.jpg	0	[-0.26916749278570046, 60.166435825965294, 10.319585781803832, 10.321348842834636]
311
	311/IMG_6384.JPG	1	[-0.5288512981438465, 370.63324189824095, 10.331727385063804, 10.345551540407111]
	311/IMG_6383.JPG	0	[-1.1127983751976749, 79.1580697086532, 10.311870763828567, 10.337263655647158]
325
	325/IMG_6655.JPG	0	[1.1108940186339262, 119.40686747419514, 10.141026751960789, 10.198204710005813]
	325/IMG_6657.JPG	0	[0.583870395662115, 67.11929677819934, 10.204727677894226, 10.25638949516542]
	325/IMG_6656.JPG	1	[-0.028769038817593337, 139.05754204644924, 10.210393539451296, 10.227507328687562]
130
	130/img-2011-08-16-1427.JPG	1	[-0.04441521524691083, 90.08884503644167, 10.156977137431811, 10.341029030756852]
	130/img-2011-08-16-1426.JPG	0	[0.23554498072086333, 51.419840528729765, 10.216785113678473, 10.320994790607248]
	130/img-2011-08-16-1427-3.JPG	0	[-1.2106031823770664, 82.28000972289685, 10.34625969718911, 10.343666801811217]
	130/img-2011-08-16-1427-2.JPG	0	[-1.2907710439633706, 159.20113064925135, 10.227204444734374, 10.278969415432744]
	130/img-2011-08-16-1427-1.JPG	0	[-1.1108940186339262, 238.81373494839028, 10.281334595491634, 10.23677934669698]
146
	146/img-2011-10-20-1238.JPG	0	[-1.5707963267948966, 223.0, 10.207598933577353, 10.243570734154693]
	146/img-2011-10-20-1238-1.JPG	1	[-1.5514937051762134, 259.04825805243314, 10.314857537103563, 10.292067423563307]
383
	383/IMG_8087.JPG	1	[1.317122230656254, 83.67795408588812, 10.1443007380193, 10.271489369121241]
	383/IMG_8088.JPG	0	[1.197069506829343, 54.78138369920935, 10.127206067537829, 10.19477199841697]
105
	105/img-2011-07-01-1229-2.JPG	0	[1.2490457723982544, 75.8946638440411, 10.208424055254294, 10.257332667028116]
	105/img-2011-07-01-1229-1.JPG	0	[-1.5707963267948966, 103.0, 10.14325791609105, 10.29842581321074]
	105/img-2011-07-01-1228.JPG	0	[-1.492012365805753, 76.23647421018367, 10.295628288406071, 10.332418779787679]
	105/img-2011-07-01-1229.JPG	1	[-1.5560915044170451, 136.01470508735443, 10.213248262109198, 10.288326996117117]
355
	355/IMG_0024.JPG	1	[0.7270452415463067, 206.11889772653063, 10.185989361493608, 10.28848955485601]
	355/IMG_0021.JPG	0	[1.00589192476412, 84.05950273467003, 10.290730010330064, 10.293503675873437]
	355/IMG_0018.JPG	0	[0.32773850678055544, 52.81098370604357, 10.190032831350639, 10.265660533968594]
	355/IMG_0006.JPG	1	[-1.1332865546774438, 68.4470598345904, 10.214674950804158, 10.311148049655099]
	355/IMG_0011.JPG	1	[-1.1937087397815234, 108.63240768757728, 10.289231191076327, 10.311390791675535]
324
	324/IMG_6649.JPG	1	[0.3851575063634742, 79.84985911070852, 10.219842228278205, 10.277755163037742]
	324/IMG_6650.JPG	1	[0.38729360320607636, 82.0792300158816, 10.253075859233428, 10.26949008890982]
	324/IMG_6651.JPG	1	[-0.5352737480901592, 99.98499887483122, 10.317342465092073, 10.324853193875123]
	324/IMG_6652.JPG	0	[-1.0069269680141963, 80.45495634204272, 10.229590589100107, 10.259924407387606]
155
	155/img-2011-10-24-2141.JPG	0	[-0.8895652110969073, 312.8226334522488, 10.194198933439118, 10.325361325893827]
	155/img-2011-10-24-2141-1.JPG	1	[-0.831608018430273, 244.92039523077696, 10.159649746481982, 10.29514613337881]
	155/img-2011-10-24-2142.JPG	0	[-1.5707963267948966, 118.0, 10.309768592464904, 10.344871656676487]
	155/img-2011-10-24-2141-2.JPG	0	[-1.373400766945016, 81.58431221748455, 10.278465009744547, 10.291035602147277]
	155/img-2011-10-24-2141-3.JPG	0	[-1.3965258955432638, 144.183910336764, 10.265631317183178, 10.288165548252053]
378
	378/IMG_5633.JPG	0	[0.6022873461349642, 97.082439194738, 10.242469067926047, 10.29721552381945]
	378/IMG_5632.JPG	0	[-0.07355129048853978, 95.25754563287887, 10.218477484659454, 10.25260253241504]
	378/IMG_5634.JPG	1	[-0.8893697153221066, 163.51758315239374, 10.332658520065644, 10.316657497504757]
267
	267/2019-05-13 10.38.24_69.jpg	1	[0.10244385350712444, 107.56393447619885, 10.23950998325924, 10.319700565329622]
	267/2019-05-13 10.38.24_71.jpg	0	[0.10801172470004632, 83.48652585896721, 10.158946456952826, 10.258621919163991]
	267/2019-05-13 10.38.24_70.jpg	0	[-0.20365852597754822, 93.94147114027967, 10.289785442284119, 10.26241056751085]
364
	364/IMG_7549.JPG	0	[-0.1347712844777311, 59.53990258641679, 10.22360030389628, 10.313932296340214]
	364/IMG_7548.JPG	0	[-0.07228761639496206, 290.7593506664919, 10.312271023144474, 10.35354236205248]
	364/IMG_7550.JPG	1	[-0.09065988720074511, 287.17938644686876, 10.212413071223896, 10.30074421033048]
186
	186/img-2011-12-12-2053-2.jpg	1	[0.6475910655379813, 195.6016359849784, 10.295130673098418, 10.283967571075502]
	186/img-2011-12-12-2053-1.jpg	0	[-0.7288547264526309, 187.6832437912346, 10.130901735922137, 10.302872516590144]
148
	148/img-2011-10-21-0957-1.JPG	1	[0.0, 65.0, 10.183618098479714, 10.381798619554296]
	148/img-2011-10-21-0956-1.JPG	0	[-0.7107074345756492, 104.23531071570709, 10.244149003511826, 10.275893662395035]
	148/img-2011-10-21-0957.JPG	0	[-1.5186696777492505, 115.15641536623133, 10.209229680367853, 10.32233435373336]
	148/img-2011-10-21-0956.JPG	0	[-0.6700328790815114, 165.85837331892532, 10.387582892903122, 10.314805793940842]
165
	165/img-2011-10-31-1020-1.JPG	1	[1.4244810387898663, 96.0260381354974, 10.208505517454665, 10.26939248507249]
	165/img-2011-10-31-1021-2.JPG	1	[0.39852244566642026, 82.46211251235322, 10.375554449134423, 10.441991149228063]
	165/img-2011-10-31-1021-1.JPG	0	[0.39608144156430747, 59.61543424315552, 10.170133989589859, 10.257196976239861]
	165/img-2011-10-31-1021.JPG	0	[-0.9453112865556675, 88.81441324469807, 10.262143268959766, 10.319086139996251]
	165/img-2011-10-31-1020.JPG	0	[-1.5707963267948966, 127.0, 10.227604287678128, 10.352725798146732]
	165/img-2011-10-31-1020-2.JPG	1	[-1.4787494779314898, 65.27633568147036, 10.261187147202895, 10.31124581371904]
218
	218/2017-01-15 10.21.56.jpg	1	[-0.44899664271941275, 244.20483205702544, 10.254954187522419, 10.517314832709086]
	218/2017-01-15 10.21.59.jpg	1	[-0.13153190481418284, 259.2392717163046, 10.197353722864513, 10.41102682121897]
	218/2017-01-15 10.22.00.jpg	1	[-0.017542060057402487, 57.0087712549569, 10.16868079407535, 10.308909221114467]
	218/2017-01-15 10.21.57.jpg	0	[-0.11291966075260258, 97.62171889492625, 10.191248666254857, 10.299311748316143]
144
	144/img-2011-10-20-0047-2.JPG	0	[-0.029694239606909516, 101.04454463255303, 10.28168187495287, 10.379451422009138]
	144/img-2011-10-20-0047-1.JPG	1	[0.0, 58.0, 10.265737965512391, 10.343281949568512]
	144/img-2011-10-20-0047.JPG	0	[-0.6055446636049701, 94.86832980505137, 10.18839676543382, 10.27524205749801]
112
	112/img-2011-07-08-1236.JPG	1	[-0.8899874978790691, 128.68954891520912, 10.178559106804983, 10.308884774645646]
	112/img-2011-07-08-1236-1.JPG	0	[-1.3892724499368059, 160.63934760823702, 10.334563356430033, 10.294995363142526]
345
	345/IMG_4127.JPG	1	[0.22679884805388587, 53.36665625650534, 10.243302180595293, 10.384721115319461]
	345/IMG_4129.JPG	0	[0.2528940650955976, 91.92388155425118, 10.271969209476325, 10.292833152952404]
	345/IMG_4128.JPG	1	[-0.4731259981306684, 94.36630754670864, 10.253102275029105, 10.285985754051545]
138
	138/img-2011-10-17-1531-4.jpg	1	[0.5633162614919681, 67.4166151627327, 10.254228417557956, 10.339183353954326]
	138/img-2011-10-17-1531-2.jpg	0	[0.4444192099010989, 116.29703349613007, 10.2771496234279, 10.30602691628157]
	138/img-2011-10-17-1531-1.jpg	0	[-0.7853981633974483, 82.02438661763951, 10.254360853017912, 10.318715913031118]
	138/img-2011-10-17-1531.jpg	0	[-0.4862426330875049, 79.17701686727027, 10.162827272295043, 10.236525323393721]
	138/img-2011-10-17-1531-3.jpg	0	[-1.1358293757493167, 109.16501271011697, 10.352066983579633, 10.375490771171675]
213
	213/2016-12-23 15.18.14.jpg	0	[1.4894161732149982, 282.936388610585, 10.226914250420272, 10.322720541803125]
	213/2016-12-23 15.18.00.jpg	1	[1.512040504079174, 51.088159097779204, 10.352172372954165, 10.328440647891084]
	213/2016-12-23 15.17.52.jpg	1	[0.2863521935879496, 187.6406139405859, 10.274382457135236, 10.32627212878455]
	213/2016-12-23 15.18.12.jpg	0	[-0.036347621019020664, 55.036351623268054, 10.217051700308525, 10.305525611914703]
	213/2016-12-23 15.18.08.jpg	0	[-0.220248723390689, 68.65857557508748, 10.236662211622658, 10.299796116266423]
	213/2016-12-23 15.18.18.jpg	0	[-0.3686959026580498, 94.33981132056604, 10.230269259342705, 10.30806911831441]
	213/2016-12-23 15.18.01.jpg	0	[-1.13770688807159, 102.45974819410792, 10.224162217120393, 10.24513342467028]
259
	259/2019-01-19 16.36.19.jpg	0	[-0.0299910048568779, 100.04498987955368, 10.215934902285467, 10.335638974419085]
	259/2019-01-19 16.36.32.jpg	1	[-0.43113874071878217, 110.07270324653611, 10.216322117565758, 10.243309051046408]
	259/2019-01-19 16.36.14.jpg	0	[-1.4719460047266302, 121.59358535712317, 10.202034347216115, 10.289826113413264]
156
	156/img-2011-10-25-0029-3.JPG	0	[-1.5707963267948966, 148.0, 10.26813075867968, 10.537189977280567]
	156/img-2011-10-25-0029-2.JPG	0	[-1.5707963267948966, 145.0, 10.033815430204122, 10.213069826024935]
	156/img-2011-10-25-0029-1.JPG	1	[-1.5707963267948966, 140.0, 10.115052033920824, 10.249759715730182]
314
	314/IMG_6408.JPG	1	[1.1923689487662197, 178.63930138690085, 10.175558568820682, 10.285891647809109]
	314/IMG_6409.JPG	0	[0.9886587586359528, 189.15602025840997, 10.20179391681158, 10.233015911471464]
205
	205/2016-10-31 10.45.10.jpg	1	[0.08919361259173315, 370.4726710568541, 10.089972672061567, 10.444940672345965]
	205/2016-10-31 10.45.12.jpg	0	[0.28053679173832197, 61.40032573203501, 10.172498270795426, 10.385564944633884]
	205/2016-10-31 10.44.25.jpg	0	[0.8737749495422971, 112.16059914247963, 10.173246745303109, 10.307849080076048]
	205/2016-10-31 10.45.11.jpg	0	[-0.37191763125078114, 151.34728276384746, 10.184904739166608, 10.436500667737404]
	205/2016-10-31 10.44.06.jpg	0	[-0.030478363941045816, 328.1524036175874, 10.116758783749576, 10.31206232964431]
	205/2016-10-31 10.44.53.jpg	1	[-0.0791990709694515, 63.198101237299845, 10.153193650698963, 10.321618535911883]
	205/2016-10-31 10.44.23.jpg	0	[0.11487660541689913, 52.3450093132096, 10.167078437179184, 10.275385871199815]
	205/2016-10-31 10.44.05.jpg	0	[-1.1525719972156676, 137.88400922514546, 10.167190246440962, 10.299533081158714]
140
	140/img-2011-10-17-1535.jpg	0	[-0.3438058010901571, 86.03487664894976, 10.151902990985429, 10.303740281227551]
	140/img-2011-10-17-1535-1.jpg	1	[-0.03894134309703925, 77.05841939723393, 10.216449816976198, 10.287180104631782]
351
	351/IMG_4951.JPG	0	[0.12435499454676144, 72.56031973468694, 10.313746521491126, 10.311696849556595]
	351/IMG_4952.JPG	0	[-0.17014506695836937, 230.32585612562042, 10.315036161269663, 10.338212745856625]
	351/IMG_4955.JPG	1	[-0.549853182676585, 363.59317925395686, 10.326865438276682, 10.321996982216172]
113
	113/img-2011-07-08-1243.JPG	0	[1.1347914444368148, 97.082439194738, 10.197874064578937, 10.29220543713853]
	113/img-2011-07-08-1243-1.JPG	1	[0.9499737749722288, 202.85216291674092, 10.207034613590146, 10.236195755132375]
382
	382/IMG_8079.JPG	0	[1.489892227639666, 74.24284477308234, 10.389768820458814, 10.524049272333832]
	382/IMG_8074.JPG	1	[1.534448705775876, 55.036351623268054, 10.331820428496579, 10.336668559896628]
	382/IMG_8080.JPG	0	[0.34555558058171215, 53.14132102234569, 10.203943006546996, 10.380103106706844]
	382/IMG_8078.JPG	0	[1.0435092797806103, 91.4166286842826, 10.566652102615796, 10.379414449677872]
	382/IMG_8082.JPG	0	[0.507098504392337, 61.773780845922005, 10.472057036545406, 10.333302909054003]
	382/IMG_8076.JPG	1	[-0.7509290623979403, 102.59142264341595, 10.28692303473011, 10.359051379005411]
	382/IMG_8083.JPG	0	[-0.7086262721276703, 92.19544457292888, 10.165202634699034, 10.285418876202577]
	382/IMG_8075.JPG	1	[-0.1555948279770297, 51.62363799656123, 10.450193806726482, 10.353142386560371]
	382/IMG_8077.JPG	0	[-0.8100845054530477, 114.58621208504974, 10.285966991166138, 10.293415202736346]
	382/IMG_8081.JPG	0	[-0.8685393952858895, 68.11754546370561, 10.390854085820497, 10.309395916018834]
356
	356/IMG_7118.JPG	1	[-0.7912008062006609, 365.58036052282677, 10.227678137556403, 10.376235992341748]
	356/IMG_7119.JPG	0	[-0.7709064243319483, 146.38647478507022, 10.279536791507155, 10.330578772327376]
	356/IMG_7122.JPG	0	[-0.7328151017865066, 188.35073665903195, 10.298919058068591, 10.335295941195014]
	356/IMG_7123.JPG	1	[-0.7938013269450953, 84.1486779456457, 10.326576197576594, 10.344518963230971]
	356/IMG_7121.JPG	0	[-0.8858342754462992, 91.67878707749138, 10.316202504732656, 10.316240546177577]
368
	368/IMG_7825.JPG	1	[-0.986051040717335, 85.14693182963201, 10.310825281273901, 10.38734172571755]
	368/IMG_7824.JPG	0	[-1.2722973952087173, 136.01470508735443, 10.319203550374539, 10.317252637183609]
160
	160/img-2011-10-27-0643.jpg	0	[0.2095045919357663, 307.7287766849243, 10.14751276820381, 10.354496598019002]
	160/img-2011-10-27-0642.jpg	1	[-1.2087089191011682, 70.57619995437555, 10.09204767475517, 10.391762507191217]
133
	133/img-2011-08-17-1205.JPG	0	[-0.4735157097243453, 135.95955280891445, 10.252117775575803, 10.337910243201037]
	133/img-2011-08-17-1204-5.JPG	1	[-1.5508984557217562, 201.03979705520993, 10.155041619820816, 10.263186322648624]
304
	304/IMG_6143.JPG	0	[0.9084841230924541, 138.2244551445221, 10.250662433338912, 10.293059076757727]
	304/IMG_6142.JPG	1	[-1.5554129250143014, 65.00769185258002, 10.268078747366003, 10.342559828446019]
231
	231/2017-08-17 07.13.00_1.jpg	0	[1.458068715204519, 53.33854141237835, 10.164761682691728, 10.240496653932768]
	231/2017-08-17 07.12.58_1.jpg	1	[-1.4583691959647065, 62.39390995922599, 10.258577804895841, 10.293988317113728]
	231/2017-08-17 07.12.58.jpg	1	[-1.557976516321996, 78.00640999302557, 10.259382466253376, 10.29529411972918]
	231/2017-08-17 07.13.00.jpg	0	[-1.4181469983996315, 92.07062506576133, 10.213068231208117, 10.246904372144636]
153
	153/img-2011-10-24-1426.jpg	1	[0.36657538984417876, 119.97082978791136, 10.184609594039813, 10.32794764095656]
	153/img-2011-10-24-1426-1.jpg	0	[-0.4339533693938966, 90.37698822156003, 10.333612089601553, 10.224047481427924]
384
	384/IMG_8597.JPG	1	[1.5520485235971522, 160.0281225285106, 9.46024355875249, 10.357579976835304]
	384/IMG_8602.JPG	0	[0.0, 69.0, 9.336902571719866, 10.288776809909665]
	384/IMG_8601.JPG	0	[-1.5707963267948966, 103.0, 8.793625117799959, 10.150979486275785]
	384/IMG_8595.JPG	0	[0.0, 79.0, 9.166610116495194, 10.158602958883979]
	384/IMG_8593.JPG	1	[1.5529410816553442, 56.00892785976178, 9.051757759821044, 9.914779607002126]
	384/IMG_8599.JPG	0	[-1.5707963267948966, 247.0, 9.926184780020437, 10.631877948917326]
	384/IMG_8596.JPG	0	[-1.5707963267948966, 76.0, 9.389733702242223, 10.304670225877015]
	384/IMG_8594.JPG	0	[0.0, 92.0, 9.105202715574169, 9.95310496672968]
	384/IMG_8598.JPG	0	[-1.458068715204519, 53.33854141237835, 9.163996729570036, 10.084532626525364]
	384/IMG_8600.JPG	0	[-1.5707963267948966, 370.0, 9.603720389125249, 10.290053773096902]
246
	246/2017-07-19 21.12.04.jpg	1	[0.6264451935687555, 93.81364506296512, 10.298501981667346, 10.336729511687949]
	246/2017-07-19 21.11.58.jpg	0	[-0.3124915597345191, 204.9243762952568, 10.210669259340095, 10.325982034025083]
	246/2017-07-19 21.12.03.jpg	0	[-1.5707963267948966, 211.0, 10.296840916578644, 10.32957297742237]
134
	134/img-2011-08-22-2104.JPG	1	[-0.5467888408892474, 80.77747210701756, 10.271374629512115, 10.483353740342892]
	134/img-2011-08-22-2103.JPG	0	[-1.3561114235868075, 136.12494260788506, 10.407562997825712, 10.294869070507193]
101
	101/img-2011-07-01-1103-3.JPG	1	[1.4930313871921643, 77.23341245859851, 10.182868887824348, 10.334961763794334]
	101/img-2011-07-01-1103-2.JPG	0	[0.14725175576814542, 211.28653530218153, 10.261489011750744, 10.409289848862151]
	101/img-2011-07-01-1103-4.JPG	0	[-0.194365266095018, 129.43724348115578, 10.236233281913705, 10.361771346808826]
	101/img-2011-07-01-1103.JPG	0	[0.17176015132820327, 99.46356116689167, 10.341704474622627, 10.339033779878383]
	101/img-2011-07-01-1103-1.JPG	0	[-0.050803704058221655, 118.15244390193544, 10.244997618169029, 10.302721859421906]
	101/img-2011-07-01-1103-5.JPG	0	[-1.5530676879723229, 282.04432275796654, 10.24757133181729, 10.335918269314117]
120
	120/img-2011-07-16-1747-4.JPG	0	[0.3268266529299407, 249.19069003476034, 10.192697147187163, 10.274056911361187]
	120/img-2011-07-16-1748.JPG	1	[-1.4896739346939956, 123.40583454602137, 10.22843600044194, 10.345369947171616]
315
	315/IMG_6463.JPG	1	[0.49209521717082866, 110.05907504608605, 10.199404635537977, 10.286364397686587]
	315/IMG_6461.JPG	0	[0.06769302269396865, 59.135437767890075, 10.256113229754387, 10.313471917232173]
	315/IMG_6462.JPG	1	[-0.3097029445424562, 52.49761899362675, 10.247283203333282, 10.282486538632346]
275
	275/2019-06-06 17.57.57.jpg	0	[0.4287780274460164, 76.96752561957543, 10.23388596159836, 10.290491266319574]
	275/2019-06-06 17.57.58.jpg	1	[0.08715727455428322, 103.39245620450265, 10.202804583765765, 10.25380468154207]
369
	369/IMG_7867.JPG	1	[1.4940244355251187, 78.23042886243178, 10.394511432478291, 10.41859305256783]
	369/IMG_7868.JPG	0	[0.8696427416568445, 159.66527487215245, 10.354180830415572, 10.396394619179892]
	369/IMG_7869.JPG	0	[-1.5707963267948966, 201.0, 10.336007992366381, 10.366503052565813]
185
	185/img-2011-11-23-1727-3.JPG	0	[1.1296168463799159, 119.4361754243663, 10.26899745129899, 10.309608143360643]
	185/img-2011-11-23-1727-2.JPG	1	[-1.1150225708181911, 56.79788728465171, 10.233871051523893, 10.37634307898574]
302
	302/IMG_6120.JPG	0	[0.25044308961135187, 88.76936408468859, 10.210050186796073, 10.40198501034419]
	302/IMG_6122.JPG	1	[0.0, 61.0, 10.153753824859052, 10.293278318271105]
	302/IMG_6121.JPG	0	[0.0074904966098643345, 267.0074905316328, 10.194595580636555, 10.304553501029137]
158
	158/img-2011-10-25-1259-1.jpg	1	[1.5286526202012993, 166.14752480852673, 10.215205613212827, 10.301409770275715]
	158/img-2011-10-25-1259.jpg	0	[0.0, 67.0, 10.236690533021287, 10.336697927622767]
374
	374/IMG_5592.JPG	1	[0.3423965879308605, 107.2240644631605, 10.258874912256804, 10.404297947521101]
	374/IMG_5593.JPG	0	[-0.16219883346338237, 55.731499172371095, 10.329583461816304, 10.33106555520122]
366
	366/IMG_7720.JPG	0	[1.3515224203171994, 179.2930561957155, 10.220499151473643, 10.275019086538915]
	366/IMG_7722.JPG	1	[0.12509191408912193, 168.31518053936787, 10.22866610812781, 10.341361904381358]
	366/IMG_7721.JPG	1	[0.42912679367130335, 298.02181128232877, 10.34444367540436, 10.36247002001401]
	366/IMG_7719.JPG	0	[-0.12988562027360284, 470.9670901453731, 10.257163545137574, 10.33877783699585]
	366/IMG_7723.JPG	0	[-0.04985884370634331, 501.6233646870927, 10.265941225984644, 10.289734825474968]
	366/IMG_7718.JPG	0	[-0.2107950928498414, 234.18368858654523, 10.177424591392292, 10.24941436707655]
167
	167/img-2011-11-04-1245-1.JPG	1	[-1.0729739941778955, 104.70912090166739, 10.28972723804187, 10.310958073652882]
	167/img-2011-11-04-1245.JPG	0	[-1.5350972141155725, 56.0357029044876, 10.287009437702812, 10.344994570561939]
249
	249/2017-08-10 11.10.41.jpg	0	[-1.5707963267948966, 150.0, 10.213461531124201, 10.302527280483302]
	249/2017-08-10 11.10.49.jpg	1	[-1.458068715204519, 53.33854141237835, 10.252506228828539, 10.291700676884295]
100
	100/img-2011-07-01-0955.JPG	1	[1.2106031823770664, 82.28000972289685, 10.172878889713823, 10.398059382866535]
	100/img-2011-07-01-0955-1.JPG	0	[1.5437758776076318, 74.02702209328699, 9.9622532831943, 10.225385181389074]
122
	122/img-2011-07-24-1211.JPG	1	[-0.5123894603107377, 128.50291825480073, 10.267576824650384, 10.351553396291576]
	122/img-2011-07-24-1211-1.JPG	0	[-0.8130154492789906, 128.03515142334936, 10.29213817509909, 10.346548585492885]
363
	363/IMG_7536.JPG	0	[0.4503740523166315, 101.07917688624102, 10.27322733268867, 10.272440075754673]
	363/IMG_7540.JPG	1	[-0.07216362895965758, 166.43316977093238, 10.202181294891211, 10.284880925894283]
	363/IMG_7538.JPG	0	[-0.1920480172407301, 73.348483283569, 10.1890583367669, 10.28087325718744]
253
	253/2018-04-21 19.53.18.jpg	0	[1.173025478130882, 129.07749610214788, 10.310164493465864, 10.34934931972258]
	253/2018-04-21 19.53.23.jpg	0	[0.16910122600137703, 457.5259555478793, 10.330089018771435, 10.44767226930354]
	253/2018-04-21 19.53.28.jpg	0	[0.8482874140047724, 281.27744310555727, 10.360036699384692, 10.331512399470396]
	253/2018-04-21 19.53.26.jpg	1	[0.20922155253553004, 298.50963133540597, 10.351777710027031, 10.391639595306364]
343
	343/IMG_0159.JPG	0	[1.2296478530425003, 179.3348822733603, 10.2726194570934, 10.278011510963658]
	343/IMG_0158.JPG	0	[0.8496871288406961, 330.1938824387878, 10.251967078541181, 10.286407272631477]
	343/IMG_0161.JPG	1	[0.747615465058224, 205.91503102007877, 10.256578148910437, 10.286373863598882]
308
	308/IMG_6268.JPG	0	[1.3903005663328611, 139.26234236145822, 10.235133112427096, 10.27577047935003]
	308/IMG_6267.JPG	1	[0.8253768505207384, 123.84264209067892, 10.261689754193903, 10.294352200360803]
	308/IMG_6269.JPG	1	[0.2662520491509254, 125.41929676090518, 10.218816447843976, 10.270580400146095]
103
	103/img-2011-07-01-1126-3.JPG	0	[0.6435011087932844, 65.0, 10.294885006040507, 10.253251665759873]
	103/img-2011-07-01-1126-1.JPG	0	[0.08931399299322221, 67.26812023536856, 10.301581133619202, 10.275733691366979]
	103/img-2011-07-01-1126-2.JPG	1	[0.38549386692932924, 74.46475676452586, 10.30781328456587, 10.248581123631405]
	103/img-2011-07-01-1126.JPG	0	[-0.0302937599187751, 66.03029607687671, 10.299229446772493, 10.281795242875745]
	103/img-2011-07-01-1126-5.JPG	1	[0.348771003583907, 117.04699910719626, 10.306099679936779, 10.243551723213896]
	103/img-2011-07-01-1127-1.JPG	0	[-0.12803821914325536, 336.7565886512096, 10.254065102936197, 10.249889916975562]
	103/img-2011-07-01-1127.JPG	0	[-1.0287970490075655, 217.1174797200815, 10.230292005202918, 10.25493408172514]
370
	370/IMG_7883.JPG	0	[-0.1117519114864857, 403.517038054157, 10.2688815497936, 10.426940986315758]
	370/IMG_7884.JPG	1	[0.5087298243155532, 178.61970775925036, 10.288373247723502, 10.352252205831244]
	370/IMG_7881.JPG	0	[0.008620476112136321, 232.0086205294967, 10.240112746333274, 10.296039582530945]
	370/IMG_7882.JPG	0	[-0.13277584812960974, 294.5929394944828, 10.238425441921486, 10.26516841766183]
200
	200/2016-09-17 15.24.06.jpg	0	[1.313472611823808, 58.9406481131655, 10.25064531481395, 10.32448761181304]
	200/2016-09-17 15.23.47.jpg	1	[0.2714784823989145, 100.68763578513501, 10.253727677016494, 10.408603673174415]
	200/2016-09-17 15.24.05.jpg	0	[-0.09065988720074511, 66.27216610312357, 10.263425269099713, 10.327913811721418]
	200/2016-09-17 15.23.56.jpg	0	[-0.6246354227716135, 106.01886624558857, 10.313914808843538, 10.379175505913334]
	200/2016-09-17 15.24.09.jpg	1	[-0.690446457054692, 89.49860334105779, 10.207972264554124, 10.31330086644088]
	200/2016-09-17 15.24.04.jpg	0	[-0.4078679679739101, 88.23831367382311, 10.447897477796333, 10.310916411780921]
362
	362/IMG_7498.JPG	0	[0.29271307522399714, 76.24303246854758, 10.102662111457615, 10.392141705997695]
	362/IMG_7497.JPG	0	[0.0, 66.0, 10.117083433345087, 10.377140122167699]
	362/IMG_7495.JPG	0	[0.746456820300409, 108.97706180660222, 10.227354014680511, 10.318138065989764]
	362/IMG_7496.JPG	1	[-0.21264492235777152, 90.02777349240623, 10.190445737364577, 10.392593088864002]
	362/IMG_7494.JPG	0	[0.028563657838759995, 140.05713120009278, 10.153112496144963, 10.335160165610738]
260
	260/2019-01-19 16.42.17.jpg	0	[0.946160904023283, 106.01886624558857, 10.35598372564293, 10.340383746041338]
	260/2019-01-19 16.42.07.jpg	1	[-0.971503880361011, 343.93604056568427, 10.43934514531387, 10.435141729650276]
163
	163/img-2011-10-27-1333.jpg	1	[-0.6840516601317805, 83.86894538504703, 10.328028968445377, 10.330500042190643]
	163/img-2011-10-27-1333-1.jpg	0	[-1.3335216714955327, 157.4102919125684, 10.165359496417539, 10.231570608420911]
265
	265/2019-05-13 10.38.24_34.jpg	0	[0.9891428442813053, 174.73408368146153, 10.236638361963037, 10.355347315124789]
	265/2019-05-13 10.38.24_35.jpg	1	[1.413379454068306, 127.57742747053649, 10.253872023752402, 10.302319354927272]
162
	162/img-2011-10-27-1232-3.jpg	1	[1.1931430089883313, 130.17296186228538, 10.0675453189941, 10.383006772467057]
	162/img-2011-10-27-1232-1.jpg	0	[-1.5707963267948966, 180.0, 10.151546386781117, 10.511178220208212]
	162/img-2011-10-27-1232-2.jpg	1	[0.14562838057082264, 75.8023746329889, 10.063764978354312, 10.289306206643685]
	162/img-2011-10-27-1232.jpg	0	[-1.5572836357815685, 74.00675644831355, 10.253779017067775, 10.3719063375084]
107
	107/img-2011-07-01-1633.JPG	0	[1.1708920303267776, 105.30906893520614, 9.898993593174755, 10.206889460898887]
	107/img-2011-07-01-1631-2.JPG	0	[0.5302157727766299, 134.46189051177288, 10.258594538330067, 10.375977655063984]
	107/img-2011-07-01-1630.JPG	0	[0.16743177847052315, 72.00694410957877, 10.203253612321108, 10.34709661488532]
	107/img-2011-07-01-1630-1.JPG	0	[0.20401797959254858, 59.22837157984339, 10.148157458005885, 10.304331164327692]
	107/img-2011-07-01-1633-1.JPG	0	[0.06807645825799948, 88.20430828479978, 10.195596110758357, 10.341592860317169]
	107/img-2011-07-01-1631-1.JPG	0	[-0.12786991855999988, 70.57619995437555, 10.079021656454039, 10.298098225940281]
	107/img-2011-07-01-1631.JPG	0	[1.0875433869368858, 114.06138698087096, 10.167641222995174, 10.196598315635002]
	107/img-2011-07-01-1633-2.JPG	0	[-0.23602367862589738, 81.25269226308751, 10.02938530724158, 10.260306803948101]
	107/img-2011-07-01-1633-3.JPG	1	[-0.7772682612175044, 86.97700845625813, 10.09853152940035, 10.270361231786266]
143
	143/img-2011-10-19-1349-1.JPG	0	[1.5024099832043931, 73.17103251970687, 10.321345564187409, 10.361493301566933]
	143/img-2011-10-19-1349.JPG	0	[0.14915714867194246, 370.10944327320266, 10.247939856442832, 10.354110488783169]
	143/img-2011-10-19-1350-1.JPG	1	[0.11942892601833845, 75.53806987208503, 10.297499595766181, 10.363420670554103]
	143/img-2011-10-19-1350.JPG	0	[0.260602391747341, 77.62087348130012, 10.31826195859513, 10.305981899923667]
219
	219/2017-01-28 20.16.09.jpg	0	[1.3991682584140166, 76.11832893594026, 10.367675401810413, 10.468494903225405]
	219/2017-01-28 20.16.22.jpg	1	[0.7309067071567171, 194.74342094150447, 10.283136536762088, 10.361656370754686]
	219/2017-01-28 20.16.21.jpg	1	[0.09148701687150786, 109.45775440780794, 10.24497416026188, 10.311714068514108]
	219/2017-01-28 20.16.20.jpg	0	[0.1131509815904845, 177.13271860387624, 10.309536964830148, 10.333677047562198]
	219/2017-01-28 20.16.19.jpg	0	[0.04107277859045407, 73.06161783043132, 10.247480873747094, 10.307061682548486]
	219/2017-01-28 20.16.10.jpg	0	[-1.0104364498900535, 60.207972893961475, 10.344675996480893, 10.377920546960853]
243
	243/IMG_20190330_181238.jpg	0	[0.8102686562090534, 142.1724305201258, 10.162792363952562, 10.273944856134449]
	243/IMG_20190330_181306.jpg	1	[1.0088747645380813, 63.812224534175265, 10.138271722923589, 10.231840988534897]
	243/IMG_20190330_181234.jpg	1	[0.047583103276983396, 189.21416437465774, 10.230193563738787, 10.370604658476028]
	243/IMG_20190330_181301.jpg	0	[0.6010737544977492, 84.87638069569178, 10.137150385198442, 10.260419566344222]
	243/IMG_20190330_181318.jpg	1	[0.18998828791871572, 79.42921376924235, 10.298324922812462, 10.366508577705524]
	243/IMG_20190330_181235.jpg	1	[0.3085062957319131, 95.50916186418976, 10.23950327741361, 10.314654755780166]
	243/IMG_20190330_181236.jpg	0	[0.2513277841608404, 76.40026177965623, 10.150000706564592, 10.27230514210668]
	243/IMG_20190330_181312.jpg	0	[-0.7506898851721734, 203.7694775966214, 10.13065961733127, 10.312167860998082]
	243/IMG_20190330_181241.jpg	0	[-0.3805063771123649, 53.85164807134504, 10.128734512138365, 10.244586649876746]
	243/IMG_20190330_181235(1).jpg	0	[-1.5098549323554822, 295.5486423585803, 10.084266009951971, 10.263295146916864]
373
	373/IMG_5567.JPG	0	[0.9901263141007813, 302.59709185648165, 10.323559188991618, 10.370206445704907]
	373/IMG_5568.JPG	1	[-0.9090878220477077, 131.82184947875675, 10.388546843402985, 10.40207421193279]
	373/IMG_5566.JPG	1	[-0.8925807633911286, 224.73539997072112, 10.315196291691827, 10.320508642683025]
360
	360/IMG_7401.JPG	1	[0.27002561614486076, 116.21101496846157, 10.268346602816171, 10.248050740910184]
	360/IMG_7403.JPG	0	[-0.9933567106503824, 78.77182237323191, 10.264493418297727, 10.28969697414108]
273
	273/2019-05-26 17.30.36.jpg	0	[-1.1751067347403141, 85.61541917201598, 10.343647475181099, 10.351350882097991]
	273/2019-05-26 17.30.34.jpg	0	[-1.32268287769822, 77.3692445355388, 10.368815221690591, 10.336482931772634]
	273/2019-05-26 17.30.37.jpg	1	[-1.5366216031787014, 117.06835610018618, 10.333088984728072, 10.328616438822896]
172
	172/img-2011-11-06-1207-1.JPG	0	[1.5294761896455806, 387.3306081372863, 10.255954780490827, 10.319864294904718]
	172/img-2011-11-06-1207.JPG	0	[1.5327918208578328, 263.1900454044567, 10.295192922643709, 10.295229584589821]
	172/img-2011-11-06-1207-2.JPG	1	[0.5079733948077837, 111.01801655587259, 10.310695050969262, 10.29975607752913]
228
	228/2017-04-28 14.20.47.jpg	1	[-0.6483319890872606, 82.80096617793781, 10.30286711259279, 10.359348288260126]
	228/2017-04-28 14.20.49.jpg	0	[-0.9151007005533605, 131.20975573485381, 10.291108480495394, 10.356697367013586]
	228/2017-04-28 14.20.48.jpg	0	[-0.9479717392079131, 135.4289481610191, 10.295289631012125, 10.341372981522419]
	228/2017-04-28 14.20.39.jpg	0	[-0.7119375183038742, 163.783393541592, 10.320582696004069, 10.316545904992816]
	228/2017-04-28 14.20.46.jpg	1	[-1.013255212114548, 100.16985574512923, 10.25646136320048, 10.313184239274785]
	228/2017-04-28 14.20.44_1.jpg	0	[-0.8339037756378318, 145.83552379307312, 10.322345634446304, 10.307761285730624]
250
	250/2017-08-31 19.42.50.jpg	0	[1.4233591626669586, 102.1077861869505, 10.192249524929125, 10.25060739116614]
	250/2017-08-31 19.42.51.jpg	1	[0.829229721123086, 161.37533888422976, 10.177804651275798, 10.255880738276062]
251
	251/2017-11-26 15.00.30.jpg	1	[1.549672708629533, 142.03168660548954, 10.240274420875826, 10.313114817716409]
	251/2017-11-26 15.00.36.jpg	0	[0.9884957284496407, 389.12851347594665, 10.330644401251899, 10.27986761356841]
	251/2017-11-26 15.00.31.jpg	0	[-0.011151954025614388, 269.0167281044062, 10.26961854220698, 10.302875296221995]
	251/2017-11-26 15.00.23.jpg	0	[-0.46987805797568694, 143.55835050598765, 10.28342551546085, 10.319981401583641]
	251/2017-11-26 15.00.20.jpg	0	[-0.28309578529949553, 57.28001396647874, 10.307444680061083, 10.281982972428418]
125
	125/img-2011-07-24-1343.JPG	0	[0.6515871859228576, 74.2024258363566, 10.294602648425283, 10.393523349710037]
	125/img-2011-07-24-1343-1.JPG	1	[0.6867099027490418, 143.5339681051144, 10.296688651220633, 10.367212456420912]
170
	170/img-2011-11-06-1205-6.JPG	0	[1.5495229407708355, 188.04254837669055, 10.266340674967502, 10.372876001536659]
	170/img-2011-11-06-1205-7.JPG	0	[1.5304142512303966, 297.24232538452526, 10.260788612917839, 10.336245212083101]
	170/img-2011-11-06-1206-1.JPG	1	[1.5430256902014756, 72.02777242147643, 10.236992747277517, 10.293607171785705]
328
	328/IMG_6694.JPG	1	[0.8893169420887396, 231.76712450216058, 10.313245341791324, 10.38588260378854]
	328/IMG_6693.JPG	1	[1.0121970114513341, 94.33981132056604, 10.29488352386852, 10.297237773069629]
	328/IMG_6692.JPG	0	[0.04934263225296999, 162.19741058352318, 10.28413067843049, 10.337549001327089]
271
	271/2019-05-16 20.47.29.jpg	1	[0.25800724186395513, 74.46475676452586, 10.262604941274123, 10.346150000429063]
	271/2019-05-16 20.47.26.jpg	0	[-0.07030646411862446, 142.35167719419397, 10.24061974020978, 10.310530892606357]
	271/2019-05-16 20.47.30.jpg	1	[-0.02563540852167748, 78.02563681252464, 10.2766652189541, 10.29648683430578]
	271/2019-05-16 20.47.28.jpg	0	[-0.030707068430062018, 293.1381926668717, 10.251933962105829, 10.272807510051138]
372
	372/IMG_7992.JPG	0	[1.1498662541004923, 450.30767259730317, 10.22462000805321, 10.249986588933362]
	372/IMG_7991.JPG	1	[0.7086262721276703, 110.63453348751464, 10.261877481999402, 10.287960116098812]
	372/IMG_7993.JPG	0	[-0.20917126674466074, 399.71239660535923, 10.23824436336831, 10.28726139338388]
245
	245/IMG_20190511_111651.jpg	0	[0.7853981633974483, 120.20815280171308, 10.221826679298623, 10.310599220542755]
	245/IMG_20190511_111728.jpg	0	[0.9097531579442097, 148.22280526288793, 10.219148680582908, 10.265871991665728]
	245/IMG_20190511_111729.jpg	1	[0.8115701964986864, 135.10366390294527, 10.222763719821028, 10.258444370456933]
	245/IMG_20190511_111650.jpg	0	[0.32709809700579284, 59.135437767890075, 10.333038407905867, 10.320135136770368]
	245/IMG_20190511_111714.jpg	0	[0.03064174737717955, 261.1225765804252, 10.19805810432168, 10.274051336503174]
	245/IMG_20190511_111712.jpg	1	[-0.020830320036217084, 96.02083107326243, 10.204085066814233, 10.264548496083291]
	245/IMG_20190511_111727.jpg	0	[-1.3813161689137492, 74.33034373659252, 10.181649054943279, 10.294968101867779]
233
	233/202_Bad.jpg	0	[-1.3686763926454029, 124.53513560437472, 10.315556483603114, 10.34349071292178]
	233/201_Good.jpg	1	[-1.5048543370136265, 106.23088063270491, 10.250216598083046, 10.280223639372501]
119
	119/img-2011-07-16-1747-3.JPG	1	[1.3083369269686203, 69.3757882838098, 10.142843089103557, 10.310606442168114]
	119/img-2011-07-16-1747-2.JPG	0	[-0.011235482257962729, 89.00561780022652, 10.240743411616101, 10.269588249547752]
215
	215/2017-01-02 10.11.51.jpg	1	[1.4312140828710178, 244.37675830569486, 10.175382744716035, 10.207079129269696]
	215/2017-01-02 10.11.48.jpg	0	[1.1127983751976749, 79.1580697086532, 10.268076518303815, 10.241060984844681]
	215/2017-01-02 10.11.55.jpg	0	[-0.9146731674455914, 142.61135999632006, 10.282656495145988, 10.354396476519618]
	215/2017-01-02 10.11.45.jpg	0	[-1.373400766945016, 76.48529270389177, 10.305324578131662, 10.335298157924449]
	215/2017-01-02 10.11.57.jpg	1	[-0.9336242474178141, 158.00316452527144, 10.343423982305588, 10.288893157058281]
139
	139/img-2011-10-17-1533-1.jpg	1	[-1.1744953944527268, 152.84632805533798, 10.272666989285398, 10.298896319309872]
	139/img-2011-10-17-1533.jpg	0	[-1.558451274950672, 81.00617260431454, 10.273918343666365, 10.30580294406251]
106
	106/img-2011-07-01-1629-2.JPG	0	[0.449759613069839, 64.40496875241847, 10.15878386360308, 10.247412456816466]
	106/img-2011-07-01-1629-3.JPG	0	[0.03277514440407577, 61.032778078668514, 10.267620664918057, 10.303468452504697]
	106/img-2011-07-01-1629.JPG	0	[0.32724500459985867, 115.10864433221339, 10.234589692404626, 10.251199660680589]
	106/img-2011-07-01-1629-1.JPG	1	[0.10827059086045604, 138.81282361511128, 10.175220414007395, 10.23437146722645]
269
	269/2019-05-13 10.38.44_61.jpg	0	[1.5294975084252904, 121.10326172320876, 10.278937082519121, 10.304688012404412]
	269/2019-05-13 10.38.44_63.jpg	1	[1.5454852776520482, 79.02531240052139, 10.281329030020153, 10.29850868168375]
	269/2019-05-13 10.38.44_62.jpg	0	[-1.3439974787410107, 53.36665625650534, 10.287737715467191, 10.282639720362099]
332
	332/IMG_6820.JPG	1	[0.7853981633974483, 101.82337649086284, 10.204319088099794, 10.277708350986966]
	332/IMG_6819.JPG	0	[0.73139666302148, 209.60916010518244, 10.204846924713566, 10.233181027989923]
	332/IMG_6818.JPG	0	[-1.3092788547758902, 351.96732802917944, 10.200962649527288, 10.245926140390637]
232
	232/101_Bad.jpg	0	[-0.7483780475235183, 95.524865872714, 10.347828409642776, 10.436019351666506]
	232/103_Bad.jpg	1	[0.14997643131931654, 227.55438910291315, 10.293283394740165, 10.312447236157562]
	232/102_Good.jpg	1	[-0.010525927031725415, 95.00526301210897, 10.280574324183382, 10.308865328549505]
	232/104_Good.jpg	0	[-1.4940244355251187, 65.19202405202648, 10.25547830211142, 10.31741918131903]
118
	118/img-2011-07-16-1747-1.JPG	1	[1.1314354395103052, 110.4943437466371, 10.260128692355249, 10.285427786115742]
	118/img-2011-07-16-1747.JPG	0	[-1.429485095205146, 241.40629652103112, 10.235737251299328, 10.257993784943306]
331
	331/IMG_6817.JPG	1	[1.0488647044323658, 222.64321233758733, 10.272676644235021, 10.275947728695096]
	331/IMG_6816.JPG	0	[0.40588879492781316, 131.70041761513136, 10.279326377795872, 10.315166721764635]
174
	174/img-2011-11-06-1237-3.JPG	1	[1.5131678993174227, 104.17293314484334, 10.233113591157446, 10.311054728547543]
	174/img-2011-11-06-1237-8.JPG	0	[1.4648119688052967, 94.53041838477179, 10.264608254443395, 10.261144118909561]
	174/img-2011-11-06-1237-2.JPG	0	[0.14189705460416394, 56.568542494923804, 10.19185615502719, 10.339853086891729]
	174/img-2011-11-06-1237-4.JPG	1	[0.22923193327699534, 61.61168720299745, 10.233538923983795, 10.31194291128359]
	174/img-2011-11-06-1237-5.JPG	0	[-0.16514867741462683, 72.99315036357864, 10.177216189612816, 10.311914028495634]
	174/img-2011-11-06-1237-6.JPG	0	[-1.5707963267948966, 74.0, 10.174243375872447, 10.27232298467422]
	174/img-2011-11-06-1237-7.JPG	0	[-1.4181469983996315, 52.61178575186362, 10.230319971355177, 10.222387436994524]
