100
	100/img-2011-07-01-0955-1.JPG	0	[32.0, 15.0, 42.0]
	100/img-2011-07-01-0955.JPG	1	[39.0, 17.0, 62.0]
109
	109/img-2011-07-04-1516-1.JPG	1	[47.0, 31.0, 76.0]
	109/img-2011-07-04-1516-2.JPG	0	[44.0, 25.0, 71.0]
	109/img-2011-07-04-1516.JPG	0	[57.0, 37.0, 86.0]
	109/img-2011-07-04-1516-3.JPG	0	[59.0, 39.0, 89.0]
	109/img-2011-07-04-1516-4.JPG	1	[78.0, 66.0, 111.0]
	109/img-2011-07-04-1516-5.JPG	0	[97.0, 88.0, 127.0]
105
	105/img-2011-07-01-1229-1.JPG	0	[17.0, 6.0, 25.0]
	105/img-2011-07-01-1229.JPG	1	[30.0, 13.0, 42.0]
	105/img-2011-07-01-1228.JPG	0	[37.0, 19.0, 50.0]
	105/img-2011-07-01-1229-2.JPG	0	[35.0, 14.0, 48.0]
103
	103/img-2011-07-01-1126.JPG	0	[19.0, 12.0, 30.0]
	103/img-2011-07-01-1126-1.JPG	0	[27.0, 20.0, 41.0]
	103/img-2011-07-01-1126-5.JPG	1	[25.0, 16.0, 36.0]
	103/img-2011-07-01-1126-2.JPG	1	[25.0, 16.0, 36.0]
	103/img-2011-07-01-1126-3.JPG	0	[36.0, 27.0, 53.0]
	103/img-2011-07-01-1127.JPG	0	[61.0, 59.0, 99.0]
	103/img-2011-07-01-1127-1.JPG	0	[80.0, 81.0, 120.0]
107
	107/img-2011-07-01-1631-1.JPG	0	[14.0, 7.0, 27.0]
	107/img-2011-07-01-1630-1.JPG	0	[25.0, 8.0, 42.0]
	107/img-2011-07-01-1633-3.JPG	1	[28.0, 10.0, 50.0]
	107/img-2011-07-01-1631.JPG	0	[28.0, 10.0, 47.0]
	107/img-2011-07-01-1631-2.JPG	0	[28.0, 8.0, 45.0]
	107/img-2011-07-01-1633.JPG	0	[30.0, 9.0, 51.0]
	107/img-2011-07-01-1630.JPG	0	[34.0, 14.0, 56.0]
	107/img-2011-07-01-1633-2.JPG	0	[33.0, 12.0, 56.0]
	107/img-2011-07-01-1633-1.JPG	0	[35.0, 15.0, 57.0]
