274
	274/2019-05-29 17.44.40.jpg	0	[0.56645346, 0.2550337, 0.7372549027204514, 0.2882532477378845]
	274/2019-05-29 17.44.41.jpg	1	[0.4739311, 0.2541814, 0.7058823555707932, 0.3245600461959839]
	274/2019-05-29 17.44.42.jpg	0	[0.47309154, 0.25309345, 0.674509808421135, 0.3554936647415161]
129
	129/img-2011-07-30-1329-2.JPG	0	[0.63775796, 0.2887764, 0.8117647022008896, 0.31875118613243103]
	129/img-2011-07-30-1329-1.JPG	1	[0.6305851, 0.30650315, 0.8509803861379623, 0.25725987553596497]
303
	303/IMG_6127.JPG	1	[0.5679797, 0.2750472, 0.7450980395078659, 0.2616685628890991]
	303/IMG_6123.JPG	0	[0.57737416, 0.27207634, 0.7411764711141586, 0.25330501794815063]
137
	137/img-2011-09-18-1513.JPG	1	[0.4905425, 0.3033836, 0.8862745091319084, 0.2849404811859131]
	137/img-2011-09-18-1513-1.JPG	0	[0.4890619, 0.2946517, 0.8313725516200066, 0.29278358817100525]
344
	344/IMG_20190501_200322_1.jpg	1	[0.4384043, 0.3281918, 0.894117645919323, 0.43536803126335133]
	344/IMG_20190501_200320.jpg	0	[0.45140335, 0.2842021, 0.7921568676829338, 0.3839451670646668]
	344/IMG_20190501_200323.jpg	0	[0.44974232, 0.34204563, 0.8980392143130302, 0.4234843254089356]
	344/IMG_20190501_200326.jpg	0	[0.42852727, 0.35303855, 0.9215686246752739, 0.4208993017673493]
	344/IMG_20190501_200324.jpg	0	[0.43653968, 0.35012805, 0.9019607827067375, 0.4220661520957947]
131
	131/img-2011-08-17-1149.JPG	0	[0.64425987, 0.22748826, 0.6627450883388519, 0.3001302480697632]
	131/img-2011-08-17-1150.JPG	1	[0.6117665, 0.25672975, 0.7529411762952805, 0.21700313687324524]
	131/img-2011-08-17-1149-1.JPG	0	[0.5890948, 0.26661432, 0.717647060751915, 0.27949297428131104]
109
	109/img-2011-07-04-1516-5.JPG	0	[0.46193528, 0.2843158, 0.7803921550512314, 0.4489019513130188]
	109/img-2011-07-04-1516-4.JPG	1	[0.6643798, 0.2621815, 0.7333333194255829, 0.3759649693965912]
	109/img-2011-07-04-1516-3.JPG	0	[0.7177462, 0.2574679, 0.6823529303073883, 0.3183150887489319]
	109/img-2011-07-04-1516.JPG	0	[0.60101146, 0.3014235, 0.8392156809568405, 0.2735324501991272]
	109/img-2011-07-04-1516-1.JPG	1	[0.6349633, 0.2901748, 0.7725490182638168, 0.2806023955345154]
	109/img-2011-07-04-1516-2.JPG	0	[0.64066535, 0.28648278, 0.7568627446889877, 0.26962509751319885]
220
	220/2017-01-28 20.17.01.jpg	0	[0.5385633, 0.20938861, 0.6156862825155258, 0.452637791633606]
	220/2017-01-28 20.17.17.jpg	0	[0.5095948, 0.24268948, 0.6941176503896713, 0.4735623300075531]
	220/2017-01-28 20.16.58.jpg	1	[0.5104709, 0.21982716, 0.6392156928777695, 0.4507219195365906]
	220/2017-01-28 20.16.55.jpg	0	[0.5224256, 0.23464023, 0.6784313768148422, 0.4342944622039795]
	220/2017-01-28 20.17.02.jpg	0	[0.5554369, 0.2557462, 0.7490196153521538, 0.4133049249649048]
	220/2017-01-28 20.17.07.jpg	0	[0.5907594, 0.2520446, 0.7294117659330368, 0.4147019684314728]
	220/2017-01-28 20.17.18.jpg	0	[0.5803179, 0.20339216, 0.5254901945590973, 0.466837614774704]
	220/2017-01-28 20.16.57.jpg	0	[0.5884191, 0.194798, 0.5058823525905609, 0.4236859977245331]
	220/2017-01-28 20.17.32.jpg	0	[0.70260715, 0.25691682, 0.6509803831577301, 0.35590097308158875]
145
	145/img-2011-10-20-1237-1.JPG	0	[0.44063482, 0.20895715, 0.5882353037595749, 0.33938661217689514]
	145/img-2011-10-20-1237.JPG	0	[0.47487313, 0.22778043, 0.6313725560903549, 0.3265591561794281]
	145/img-2011-10-20-1237-2.JPG	1	[0.47806206, 0.23524597, 0.6431372612714767, 0.331324964761734]
	145/img-2011-10-20-1237-3.JPG	0	[0.46800226, 0.23749891, 0.6392157003283501, 0.3353262543678284]
104
	104/img-2011-07-01-1224-3.JPG	1	[0.5689383, 0.30746883, 0.8901960775256157, 0.26618877053260803]
	104/img-2011-07-01-1224-2.JPG	0	[0.58681285, 0.3106679, 0.9058823511004448, 0.2329795807600021]
	104/img-2011-07-01-1224-1.JPG	0	[0.5283582, 0.31221396, 0.8784313760697842, 0.1933811455965042]
377
	377/IMG_5615.JPG	0	[0.48179626, 0.2739009, 0.7450980395078659, 0.3141315579414368]
	377/IMG_5614.JPG	1	[0.46169475, 0.26969972, 0.7254901975393295, 0.3132818341255188]
336
	336/IMG_6893.JPG	0	[0.5355454, 0.20417699, 0.5568627417087555, 0.6199600696563721]
	336/IMG_6892.JPG	1	[0.6081468, 0.2193512, 0.5960784256458282, 0.60658860206604]
354
	354/IMG_0017.JPG	0	[0.2225038, 0.21072964, 0.505882378667593, 0.3977862000465393]
	354/IMG_0015.JPG	1	[0.2157527, 0.20568962, 0.4745098315179348, 0.3540471792221069]
159
	159/img-2011-10-27-0444.JPG	1	[0.37772164, 0.3052247, 0.7647058889269829, 0.4671735763549805]
	159/img-2011-10-27-0444-2.JPG	0	[0.4426251, 0.26593268, 0.7215686365962029, 0.3491923213005066]
	159/img-2011-10-27-0444-1.JPG	0	[0.36533633, 0.35299027, 0.8705882392823696, 0.30012667179107666]
222
	222/2017-01-31 20.11.51_1.jpg	0	[0.596184, 0.25037357, 0.7137254774570465, 0.3266937732696533]
	222/2017-01-31 20.11.49.jpg	1	[0.56601346, 0.24770594, 0.6588235199451447, 0.3618574440479279]
	222/2017-01-31 20.11.51.jpg	1	[0.5940893, 0.25047085, 0.6549019515514374, 0.36818698048591614]
225
	225/2017-02-11 20.46.13.jpg	0	[0.54457814, 0.27630773, 0.8274509757757187, 0.3983114659786224]
	225/2017-02-11 20.46.12.jpg	1	[0.5583155, 0.27789325, 0.8274509757757187, 0.39731425046920776]
	225/2017-02-11 20.45.48.jpg	1	[0.54681355, 0.2857227, 0.831372544169426, 0.3865029513835907]
	225/2017-02-11 20.45.48_1.jpg	0	[0.5413955, 0.28751206, 0.8352941125631332, 0.3869584798812866]
	225/2017-02-11 20.45.36.jpg	0	[0.5346084, 0.31446576, 0.8549019545316696, 0.3342494666576385]
254
	254/2018-05-28 08.47.20.jpg	1	[0.69099784, 0.19143118, 0.5294117629528046, 0.3543298542499542]
	254/2018-05-28 08.47.18.jpg	0	[0.64361286, 0.1692091, 0.43529412150382996, 0.3801337480545044]
333
	333/IMG_6836.JPG	0	[0.5236572, 0.2684008, 0.7725490257143974, 0.4604519903659821]
	333/IMG_6835.JPG	0	[0.5253463, 0.2728271, 0.7882352992892265, 0.4533572494983673]
	333/IMG_6837.JPG	1	[0.5143573, 0.2673036, 0.7647058889269829, 0.4616604745388031]
	333/IMG_6834.JPG	0	[0.543208, 0.27583647, 0.7960784360766411, 0.44420769810676575]
	333/IMG_6833.JPG	0	[0.5509159, 0.27297258, 0.760784313082695, 0.4779509603977203]
339
	339/IMG_6951.JPG	0	[0.38747674, 0.25895134, 0.6980392262339592, 0.31161537766456604]
	339/IMG_6950.JPG	1	[0.39589846, 0.27083492, 0.737254910171032, 0.3004085719585419]
367
	367/IMG_7823.JPG	0	[0.5128748, 0.2896954, 0.8784313723444939, 0.19836978614330286]
	367/IMG_7822.JPG	1	[0.5269465, 0.29092965, 0.8666666597127914, 0.1843312829732895]
	367/IMG_7821.JPG	0	[0.4944038, 0.28259876, 0.8274509832262993, 0.17195384204387665]
371
	371/IMG_7980.JPG	1	[0.52027225, 0.24726123, 0.674509808421135, 0.4259854853153229]
	371/IMG_7981.JPG	0	[0.5374594, 0.25375786, 0.690196081995964, 0.4174059927463532]
	371/IMG_7982.JPG	0	[0.5418259, 0.25477618, 0.690196081995964, 0.4181518852710724]
175
	175/img-2011-11-06-1240-3.JPG	1	[0.50214577, 0.24910025, 0.7215686291456223, 0.2771119177341461]
	175/img-2011-11-06-1240-2.JPG	0	[0.49491546, 0.23864505, 0.690196081995964, 0.26661524176597595]
	175/img-2011-11-06-1240.JPG	0	[0.4659858, 0.24537285, 0.6588235422968864, 0.25378817319869995]
	175/img-2011-11-06-1240-1.JPG	0	[0.47523746, 0.22865283, 0.603921577334404, 0.2216838300228119]
335
	335/IMG_6863.JPG	1	[0.31654084, 0.17629372, 0.41960786283016205, 0.35925137996673584]
	335/IMG_6861.JPG	0	[0.3248871, 0.1813715, 0.4313725680112839, 0.35470616817474365]
	335/IMG_6862.JPG	1	[0.31622297, 0.18036692, 0.4235294312238693, 0.35980257391929626]
	335/IMG_6865.JPG	0	[0.33911118, 0.17910387, 0.41960786283016205, 0.3531773090362549]
	335/IMG_6864.JPG	0	[0.32328132, 0.17529029, 0.40000002086162567, 0.3561446368694305]
268
	268/2019-05-13 10.38.24_80.jpg	1	[0.38280904, 0.26299462, 0.7019607946276665, 0.3443284034729004]
	268/2019-05-13 10.38.24_78.jpg	0	[0.23749903, 0.24888128, 0.5960784517228603, 0.4466157257556915]
	268/2019-05-13 10.38.24_77.jpg	0	[0.2690044, 0.2598103, 0.6470588408410549, 0.4058182239532471]
	268/2019-05-13 10.38.24_79.jpg	0	[0.18001333, 0.22299704, 0.47843137197196484, 0.4966834187507629]
350
	350/IMG_4913.JPG	1	[0.68335617, 0.18774793, 0.5098039209842682, 0.3106096684932709]
	350/IMG_4912.JPG	0	[0.6668984, 0.18850164, 0.49803921580314636, 0.31003162264823914]
320
	320/IMG_6559.JPG	0	[0.49756062, 0.29103264, 0.7921568676829338, 0.3677242398262024]
	320/IMG_6558.JPG	1	[0.46700257, 0.27634603, 0.7450980469584465, 0.3616507649421692]
242
	242/IMG_1393.JPG	1	[0.66528624, 0.33485565, 0.8274509757757187, 0.12328597158193587]
	242/IMG_1394.JPG	0	[0.6824276, 0.3266035, 0.7882352918386459, 0.12585057318210602]
258
	258/2019-01-02 21.02.52.jpg	0	[0.40718812, 0.21130255, 0.5882353112101555, 0.5393732190132141]
	258/2019-01-02 21.03.00.jpg	0	[0.50712645, 0.23316626, 0.6549019664525986, 0.5207951664924622]
	258/2019-01-02 21.02.56.jpg	1	[0.504134, 0.23149247, 0.6431372612714767, 0.5196866989135742]
	258/2019-01-02 21.03.02.jpg	0	[0.49978226, 0.23357365, 0.6627451032400131, 0.5000619292259216]
	258/2019-01-02 21.03.07.jpg	0	[0.4818973, 0.246496, 0.6784313768148422, 0.4880646765232086]
319
	319/IMG_6550.JPG	0	[0.40741593, 0.23478657, 0.5568627566099167, 0.3026008605957031]
	319/IMG_6551.JPG	1	[0.41333377, 0.19316398, 0.45098040997982025, 0.2655318379402161]
	319/IMG_6552.JPG	0	[0.43715382, 0.19181702, 0.4549019783735275, 0.23437030613422394]
234
	234/301_Bad.jpg	0	[0.4785684, 0.27910975, 0.780392162501812, 0.2068919688463211]
	234/303_Bad.jpg	0	[0.48281848, 0.2778165, 0.7607843205332756, 0.2126999795436859]
	234/302_Good.jpg	1	[0.50834703, 0.27556032, 0.760784313082695, 0.1832543909549713]
201
	201/2016-09-19 17.35.28.jpg	1	[0.5336864, 0.2166612, 0.6000000089406967, 0.3273518979549408]
	201/2016-09-19 17.35.29.jpg	0	[0.53376454, 0.21293537, 0.5803921669721603, 0.3325831890106201]
166
	166/img-2011-11-26-2031.JPG	1	[0.41839483, 0.26269245, 0.7137254998087883, 0.22421525418758392]
	166/img-2011-11-13-0807-1.JPG	0	[0.47936448, 0.29788697, 0.7333333417773247, 0.1646319329738617]
385
	385/IMG_8611.JPG	1	[0.50338405, 0.2843017, 0.780392162501812, 0.2716306746006012]
	385/IMG_8607.JPG	0	[0.44505337, 0.273769, 0.752941183745861, 0.19735279679298398]
	385/IMG_8609.JPG	0	[0.44958922, 0.27385265, 0.7450980469584465, 0.1917676627635956]
	385/IMG_8610.JPG	0	[0.49312893, 0.28907612, 0.7725490257143974, 0.19183889031410215]
266
	266/2019-05-13 10.38.24_56.jpg	0	[0.6368791, 0.22100525, 0.5764705836772919, 0.3080939054489136]
	266/2019-05-13 10.38.24_55.jpg	0	[0.6464885, 0.22320278, 0.5764705836772919, 0.3067395091056824]
	266/2019-05-13 10.38.24_54.jpg	1	[0.6440085, 0.22154441, 0.5725490152835846, 0.30249887704849243]
214
	214/2016-12-31 20.26.09.jpg	0	[0.6542466, 0.2187646, 0.592156857252121, 0.5022163391113281]
	214/2016-12-31 20.26.06.jpg	0	[0.6357347, 0.20483561, 0.5411764681339264, 0.4982577860355377]
	214/2016-12-31 20.25.48.jpg	0	[0.65823853, 0.21819802, 0.5870588183402901, 0.4800419807434082]
	214/2016-12-31 20.25.58.jpg	1	[0.6563529, 0.20730978, 0.5294117629528046, 0.4985032677650452]
	214/2016-12-31 20.25.55.jpg	1	[0.67111826, 0.20760678, 0.5333333313465118, 0.4819679856300354]
	214/2016-12-31 20.25.57.jpg	1	[0.66361374, 0.20866309, 0.5254901945590973, 0.497639924287796]
	214/2016-12-31 20.26.10.jpg	0	[0.6315449, 0.20246534, 0.5294117629528046, 0.4612593948841095]
365
	365/IMG_7705.JPG	0	[0.46036747, 0.3125262, 0.823529414832592, 0.3346552550792694]
	365/IMG_7703.JPG	0	[0.44377527, 0.31009534, 0.8392156884074211, 0.29262635111808777]
	365/IMG_7704.JPG	1	[0.43363354, 0.31917852, 0.8156862817704678, 0.3088228106498718]
173
	173/img-2011-11-06-1237-1.JPG	1	[0.5455908, 0.2567814, 0.760784313082695, 0.2730673551559448]
	173/img-2011-11-06-1237.JPG	0	[0.5010761, 0.25597715, 0.7294117733836174, 0.28679120540618896]
102
	102/img-2011-07-01-1103-6.JPG	1	[0.66811305, 0.25249857, 0.6705882400274277, 0.17451466619968414]
	102/img-2011-07-01-1103-7.JPG	0	[0.71786237, 0.25280568, 0.6666666567325592, 0.16572873294353485]
326
	326/IMG_6671.JPG	1	[0.512914, 0.2789816, 0.7607843205332756, 0.3723286390304565]
	326/IMG_6670.JPG	0	[0.484521, 0.2883221, 0.7843137308955193, 0.3370605707168579]
224
	224/2017-02-11 20.39.22.jpg	1	[0.4975225, 0.253889, 0.7098039239645004, 0.4222802519798279]
	224/2017-02-11 20.39.21.jpg	0	[0.52748233, 0.26421097, 0.7372549027204514, 0.40692949295043945]
	224/2017-02-11 20.39.26.jpg	1	[0.45926416, 0.22272158, 0.5529411882162094, 0.4454176425933838]
229
	229/2017-05-13 19.46.09.jpg	0	[0.51446724, 0.20582324, 0.5686274468898773, 0.2916756272315979]
	229/2017-05-13 19.46.10.jpg	1	[0.50785804, 0.2065662, 0.5686274468898773, 0.284932404756546]
	229/2017-05-13 19.46.11.jpg	0	[0.49437386, 0.20066446, 0.5411764681339264, 0.2885061800479889]
176
	176/img-2011-11-07-0127-2.JPG	1	[0.48679817, 0.3405891, 0.9607843142002821, 0.19254721701145167]
	176/img-2011-11-07-0127-3.JPG	0	[0.49982664, 0.3491238, 0.9686274509876966, 0.2126707583665848]
	176/img-2011-11-07-0127.JPG	0	[0.4997916, 0.349121, 0.9686274509876966, 0.21273137629032132]
	176/img-2011-11-07-0127-1.JPG	1	[0.53222126, 0.34828082, 0.960784312337637, 0.21271517872810364]
	176/img-2011-11-07-0127-4.JPG	1	[0.5322585, 0.34828547, 0.960784312337637, 0.212686687707901]
252
	252/2017-12-24 19.21.14.jpg	0	[0.23979118, 0.21620595, 0.549019630998373, 0.4171282947063446]
	252/2017-12-24 19.21.11.jpg	1	[0.25046822, 0.21418689, 0.5450980626046658, 0.3926575779914856]
	252/2017-12-24 19.20.56.jpg	0	[0.31886584, 0.18956259, 0.5137255117297173, 0.3127940595149994]
180
	180/img-2011-11-11-1711.jpg	1	[0.487764, 0.26541662, 0.7490196153521538, 0.35340335965156555]
	180/img-2011-11-11-1710-1.jpg	0	[0.48548713, 0.27351347, 0.7490196153521538, 0.2790520489215851]
	180/img-2011-11-11-1710.jpg	1	[0.43820363, 0.25183943, 0.6196078583598137, 0.2819216549396515]
223
	223/2017-02-04 13.28.59.jpg	1	[0.5243991, 0.27411357, 0.803921565413475, 0.3453130125999451]
	223/2017-02-04 13.28.54.jpg	0	[0.54409456, 0.26735836, 0.7803921550512314, 0.3449157178401947]
	223/2017-02-04 13.28.52.jpg	0	[0.55040747, 0.26656765, 0.7803921550512314, 0.3385598659515381]
346
	346/IMG_4841.JPG	0	[0.5545267, 0.18711163, 0.48235294222831726, 0.1629130244255066]
	346/IMG_4842.JPG	1	[0.5250451, 0.18678583, 0.47058823704719543, 0.1689063012599945]
255
	255/2017-08-27 15.17.59.jpg	0	[0.5703617, 0.28935924, 0.7647058814764023, 0.3975856304168701]
	255/2017-08-27 15.18.03.jpg	0	[0.5532208, 0.29191583, 0.7725490182638168, 0.3903733193874359]
	255/2017-08-27 15.17.53.jpg	1	[0.568523, 0.306981, 0.8117647022008896, 0.3709947764873505]
	255/2017-08-27 15.18.01.jpg	0	[0.5806947, 0.29603994, 0.7764705866575241, 0.3636439442634583]
300
	300/IMG_6062.JPG	1	[0.47329333, 0.24749142, 0.6784313768148422, 0.19031402468681333]
	300/IMG_6060.JPG	0	[0.41463184, 0.24775983, 0.6627451032400131, 0.21207737922668454]
262
	262/2019-01-20 15.36.08.jpg	1	[0.4909717, 0.2875228, 0.7960784360766411, 0.5977638959884644]
	262/2019-01-20 15.36.07.jpg	0	[0.5014974, 0.28344467, 0.780392162501812, 0.5935492515563965]
313
	313/IMG_6401.JPG	1	[0.39283794, 0.2823055, 0.7607843205332756, 0.2473500072956085]
	313/IMG_6399.JPG	0	[0.39453468, 0.2833727, 0.7647058889269829, 0.2420141398906708]
	313/IMG_6397.JPG	1	[0.41076583, 0.28373137, 0.7686274573206902, 0.2341563403606415]
272
	272/2019-05-26 17.30.13.jpg	1	[0.3884079, 0.27264106, 0.7725490257143974, 0.450694888830185]
	272/2019-05-26 17.30.10.jpg	0	[0.39892432, 0.266688, 0.7411764785647392, 0.4688841104507446]
	272/2019-05-26 17.30.11_1.jpg	0	[0.38570026, 0.26984647, 0.7568627521395683, 0.4563700556755066]
	272/2019-05-26 17.30.14.jpg	0	[0.3851846, 0.27084756, 0.7647058889269829, 0.4483272731304169]
	272/2019-05-26 17.30.15.jpg	0	[0.38016754, 0.26547033, 0.7450980469584465, 0.4545607566833496]
	272/2019-05-26 17.30.11.jpg	0	[0.39058718, 0.26826447, 0.7490196153521538, 0.4587754905223846]
	272/2019-05-26 17.30.06.jpg	0	[0.4120794, 0.2654367, 0.7176470682024956, 0.4641589224338532]
248
	248/2017-07-30 09.13.09.jpg	0	[0.39527646, 0.26449284, 0.7215686365962029, 0.401549756526947]
	248/2017-07-30 09.13.13.jpg	1	[0.3942518, 0.2669078, 0.7215686365962029, 0.4035937190055847]
	248/2017-07-30 09.13.09_1.jpg	0	[0.40090218, 0.26321572, 0.7176470682024956, 0.3921412527561188]
264
	264/2019-05-13 10.38.24_13.jpg	0	[0.57910055, 0.24699396, 0.7019607871770859, 0.6095998287200928]
	264/2019-05-13 10.38.24_15.jpg	1	[0.53113353, 0.22435752, 0.6392156928777695, 0.608881413936615]
	264/2019-05-13 10.38.24_12.jpg	0	[0.55674696, 0.26025864, 0.7333333343267441, 0.5895717144012451]
	264/2019-05-13 10.38.24_14.jpg	0	[0.5721702, 0.20626429, 0.5490196049213409, 0.5995531678199768]
108
	108/img-2011-07-04-1406-2.JPG	1	[0.46522844, 0.363116, 0.9529411755502224, 0.2708788812160492]
	108/img-2011-07-04-1406.JPG	0	[0.42930958, 0.37314552, 0.960784312337637, 0.2776806950569153]
	108/img-2011-07-04-1406-1.JPG	0	[0.455712, 0.36739862, 0.960784312337637, 0.2489394247531891]
169
	169/img-2011-11-06-1205-5.JPG	1	[0.43445802, 0.2751416, 0.7647058889269829, 0.3655726611614227]
	169/img-2011-11-06-1205-3.JPG	0	[0.48495114, 0.27130482, 0.7450980469584465, 0.3544224202632904]
	169/img-2011-11-06-1205-4.JPG	0	[0.4729992, 0.2653355, 0.7215686365962029, 0.3585918545722961]
	169/img-2011-11-06-1205-2.JPG	1	[0.4181582, 0.28937656, 0.776470597833395, 0.30649176239967346]
	169/img-2011-11-06-1205-1.JPG	0	[0.41661176, 0.29329798, 0.7843137346208096, 0.30296993255615234]
	169/img-2011-11-06-1205.JPG	0	[0.43256694, 0.29834697, 0.7921568714082241, 0.2954602837562561]
178
	178/img-2011-11-08-1241-6.jpg	1	[0.5292295, 0.26043725, 0.7176470682024956, 0.1933280974626541]
	178/img-2011-11-08-1241-5.jpg	0	[0.57800853, 0.23929861, 0.6588235348463058, 0.17728237807750702]
256
	256/2018-02-22 11.15.44.jpg	1	[0.5919957, 0.2553144, 0.7490196079015732, 0.27877363562583923]
	256/2018-02-22 11.15.42.jpg	0	[0.58514196, 0.23933473, 0.6941176354885101, 0.28244972229003906]
	256/2018-02-22 11.15.45.jpg	0	[0.5925226, 0.25834244, 0.7529411762952805, 0.2760217487812042]
312
	312/IMG_6391.JPG	1	[0.5416463, 0.25377184, 0.7294117659330368, 0.25160035490989685]
	312/IMG_6392.JPG	0	[0.5228657, 0.26501852, 0.7450980395078659, 0.2539053559303284]
247
	247/2017-07-21 18.48.56.jpg	1	[0.4111009, 0.25773653, 0.7411764785647392, 0.28165486454963684]
	247/2017-07-21 18.48.54.jpg	0	[0.28135204, 0.25368887, 0.6627451162785292, 0.3725505769252777]
135
	135/img-2011-08-26-1040-1.JPG	0	[0.62569726, 0.21194814, 0.5725490152835846, 0.2958884239196777]
	135/img-2011-08-26-1040.JPG	1	[0.6230635, 0.18538988, 0.46666666865348816, 0.2824852168560028]
270
	270/2019-05-14 18.28.43.jpg	0	[0.59062, 0.23344435, 0.6078431308269501, 0.5212081670761108]
	270/2019-05-14 18.28.59.jpg	1	[0.6646512, 0.23398447, 0.5843137204647064, 0.5236034393310547]
	270/2019-05-14 18.29.46.jpg	1	[0.63035524, 0.2242337, 0.5686274468898773, 0.4984603822231293]
311
	311/IMG_6384.JPG	1	[0.6077943, 0.24104244, 0.690196081995964, 0.3204578161239624]
	311/IMG_6383.JPG	0	[0.59529996, 0.21434735, 0.5843137353658676, 0.3431219160556793]
325
	325/IMG_6655.JPG	0	[0.6026275, 0.22101532, 0.6039215624332428, 0.2410375624895096]
	325/IMG_6657.JPG	0	[0.5982096, 0.22259028, 0.6039215624332428, 0.24643822014331815]
	325/IMG_6656.JPG	1	[0.59759384, 0.22128764, 0.5999999940395355, 0.24503500759601596]
130
	130/img-2011-08-16-1426.JPG	0	[0.66012645, 0.20641157, 0.6235294044017792, 0.3270794153213501]
	130/img-2011-08-16-1427.JPG	1	[0.53864276, 0.24928948, 0.674509808421135, 0.3933804035186768]
	130/img-2011-08-16-1427-2.JPG	0	[0.6995447, 0.20925263, 0.5764705836772919, 0.3320392966270447]
	130/img-2011-08-16-1427-3.JPG	0	[0.6385993, 0.20726581, 0.5607843101024628, 0.3513529598712921]
	130/img-2011-08-16-1427-1.JPG	0	[0.6405343, 0.19943571, 0.5058823525905609, 0.3531920909881592]
146
	146/img-2011-10-20-1238.JPG	0	[0.48531976, 0.24453247, 0.6588235348463058, 0.23331265151500705]
	146/img-2011-10-20-1238-1.JPG	1	[0.46277347, 0.2440776, 0.6470588371157646, 0.22338788211345675]
383
	383/IMG_8088.JPG	0	[0.49536678, 0.29141375, 0.8745098039507866, 0.2862827181816101]
	383/IMG_8087.JPG	1	[0.5037807, 0.29052934, 0.8705882281064987, 0.28372329473495483]
105
	105/img-2011-07-01-1229-1.JPG	0	[0.57589054, 0.24881053, 0.717647060751915, 0.2405297160148621]
	105/img-2011-07-01-1229.JPG	1	[0.5538556, 0.23020476, 0.6627451032400131, 0.2426256835460663]
	105/img-2011-07-01-1228.JPG	0	[0.5411136, 0.22571366, 0.6431372612714767, 0.24539776146411896]
	105/img-2011-07-01-1229-2.JPG	0	[0.53700686, 0.21237168, 0.5882353037595749, 0.22512106597423556]
355
	355/IMG_0024.JPG	1	[0.25158665, 0.23616214, 0.5450980626046658, 0.4333862662315369]
	355/IMG_0021.JPG	0	[0.28038973, 0.24776016, 0.5960784517228603, 0.3863838911056519]
	355/IMG_0006.JPG	1	[0.24273144, 0.22926575, 0.5215686522424221, 0.4199843108654022]
	355/IMG_0011.JPG	1	[0.27127054, 0.24206, 0.5725490413606167, 0.3880867958068848]
	355/IMG_0018.JPG	0	[0.26701257, 0.23428415, 0.5450980626046658, 0.3593738079071045]
324
	324/IMG_6651.JPG	1	[0.53419715, 0.2562641, 0.7215686291456223, 0.3464123010635376]
	324/IMG_6650.JPG	1	[0.5382298, 0.26661462, 0.760784313082695, 0.3222786486148834]
	324/IMG_6652.JPG	0	[0.5171661, 0.26728433, 0.7215686291456223, 0.35920634865760803]
	324/IMG_6649.JPG	1	[0.5180713, 0.2635207, 0.7333333343267441, 0.30749744176864624]
155
	155/img-2011-10-24-2142.JPG	0	[0.25777987, 0.20982863, 0.5372549258172512, 0.2661680579185486]
	155/img-2011-10-24-2141-2.JPG	0	[0.30621538, 0.22924682, 0.5843137465417385, 0.26924869418144226]
	155/img-2011-10-24-2141-3.JPG	0	[0.30338076, 0.2274514, 0.5843137465417385, 0.2582181990146637]
	155/img-2011-10-24-2141-1.JPG	1	[0.30412853, 0.2744127, 0.7333333482965827, 0.16193635761737826]
	155/img-2011-10-24-2141.JPG	0	[0.36523068, 0.31368816, 0.82352942135185, 0.1700868010520935]
378
	378/IMG_5633.JPG	0	[0.61563194, 0.26970816, 0.7450980395078659, 0.23575395345687866]
	378/IMG_5632.JPG	0	[0.61579084, 0.2699488, 0.7411764711141586, 0.24037864804267886]
	378/IMG_5634.JPG	1	[0.64719707, 0.24664965, 0.6313725411891937, 0.28611764311790466]
267
	267/2019-05-13 10.38.24_71.jpg	0	[0.391939, 0.17864315, 0.4627451151609421, 0.20111872255802155]
	267/2019-05-13 10.38.24_70.jpg	0	[0.38687703, 0.1765494, 0.4588235467672348, 0.19018344581127167]
	267/2019-05-13 10.38.24_69.jpg	1	[0.37703705, 0.17115018, 0.43529413640499115, 0.18932655453681946]
364
	364/IMG_7549.JPG	0	[0.660189, 0.24319175, 0.6745097935199738, 0.14116926491260529]
	364/IMG_7550.JPG	1	[0.65902257, 0.24597907, 0.6823529303073883, 0.140488401055336]
	364/IMG_7548.JPG	0	[0.58811307, 0.27917835, 0.7294117659330368, 0.213559165596962]
186
	186/img-2011-12-12-2053-1.jpg	0	[0.408032, 0.25317755, 0.6549019776284695, 0.3127771615982056]
	186/img-2011-12-12-2053-2.jpg	1	[0.41757497, 0.2583093, 0.6705882512032986, 0.29225945472717285]
148
	148/img-2011-10-21-0956-1.JPG	0	[0.53234816, 0.19368568, 0.5254901945590973, 0.3361741602420807]
	148/img-2011-10-21-0957-1.JPG	1	[0.5925374, 0.19214782, 0.5019607841968536, 0.31700998544692993]
	148/img-2011-10-21-0957.JPG	0	[0.5921171, 0.19069284, 0.48235294222831726, 0.31717589497566223]
	148/img-2011-10-21-0956.JPG	0	[0.5506649, 0.21160819, 0.5294117778539658, 0.2661507427692413]
165
	165/img-2011-10-31-1021-1.JPG	0	[0.6788123, 0.20865697, 0.49803921580314636, 0.6064350008964539]
	165/img-2011-10-31-1021-2.JPG	1	[0.59618825, 0.21136685, 0.6117647141218185, 0.4336821436882019]
	165/img-2011-10-31-1020.JPG	0	[0.5344509, 0.2170602, 0.6235294193029404, 0.4152437150478363]
	165/img-2011-10-31-1020-1.JPG	1	[0.60941, 0.19919926, 0.5333333313465118, 0.3956228494644165]
	165/img-2011-10-31-1021.JPG	0	[0.5484196, 0.17224067, 0.42352941632270813, 0.4082821011543274]
	165/img-2011-10-31-1020-2.JPG	1	[0.56859034, 0.17773326, 0.43529412150382996, 0.4041107892990112]
218
	218/2017-01-15 10.21.56.jpg	1	[0.7253648, 0.2300993, 0.6156862676143646, 0.17925673723220825]
	218/2017-01-15 10.21.57.jpg	0	[0.71850634, 0.235264, 0.6274509727954865, 0.17686067521572113]
	218/2017-01-15 10.21.59.jpg	1	[0.7155413, 0.2374421, 0.6313725411891937, 0.1802479773759842]
	218/2017-01-15 10.22.00.jpg	1	[0.7114161, 0.23837735, 0.6313725411891937, 0.17807669937610626]
144
	144/img-2011-10-20-0047-2.JPG	0	[0.41844112, 0.26271018, 0.7137254998087883, 0.22420166432857516]
	144/img-2011-10-20-0047-1.JPG	1	[0.41820726, 0.26348254, 0.6980392262339592, 0.2104734480381012]
	144/img-2011-10-20-0047.JPG	0	[0.4793126, 0.29786673, 0.7333333417773247, 0.1646863967180252]
112
	112/img-2011-07-08-1236.JPG	1	[0.5220377, 0.26117727, 0.6941176503896713, 0.20335979759693146]
	112/img-2011-07-08-1236-1.JPG	0	[0.47231665, 0.28304043, 0.7333333417773247, 0.2242994606494904]
345
	345/IMG_4129.JPG	0	[0.5250158, 0.24478334, 0.6627451032400131, 0.3670431077480316]
	345/IMG_4128.JPG	1	[0.51010466, 0.25476104, 0.690196081995964, 0.3185999393463135]
	345/IMG_4127.JPG	1	[0.49070102, 0.27585927, 0.7019607871770859, 0.3629089593887329]
138
	138/img-2011-10-17-1531-4.jpg	1	[0.5414125, 0.309567, 0.8823529444634914, 0.30660900473594666]
	138/img-2011-10-17-1531-3.jpg	0	[0.5295874, 0.31117803, 0.8784313760697842, 0.3131587505340576]
	138/img-2011-10-17-1531.jpg	0	[0.44154683, 0.32192934, 0.8666666727513075, 0.3494020700454712]
	138/img-2011-10-17-1531-2.jpg	0	[0.50792354, 0.35806817, 0.9450980387628078, 0.32078155875205994]
	138/img-2011-10-17-1531-1.jpg	0	[0.46652377, 0.33070338, 0.8745098076760769, 0.30564165115356445]
213
	213/2016-12-23 15.17.52.jpg	1	[0.4737615, 0.2437173, 0.7254901975393295, 0.2424729317426681]
	213/2016-12-23 15.18.00.jpg	1	[0.4481046, 0.29104418, 0.8352941200137138, 0.2724228203296661]
	213/2016-12-23 15.18.18.jpg	0	[0.5617141, 0.27809143, 0.7999999970197678, 0.2468237578868866]
	213/2016-12-23 15.18.01.jpg	0	[0.48689586, 0.2926265, 0.8274509757757187, 0.24283275008201602]
	213/2016-12-23 15.18.14.jpg	0	[0.62114733, 0.28459397, 0.7803921550512314, 0.2375558763742447]
	213/2016-12-23 15.18.12.jpg	0	[0.54018253, 0.30010542, 0.831372544169426, 0.2302819937467575]
	213/2016-12-23 15.18.08.jpg	0	[0.53678, 0.2857671, 0.8078431338071823, 0.20219631493091586]
259
	259/2019-01-19 16.36.32.jpg	1	[0.4558677, 0.23356807, 0.6078431457281113, 0.4031006395816803]
	259/2019-01-19 16.36.14.jpg	0	[0.49184743, 0.25623992, 0.690196081995964, 0.3437771201133728]
	259/2019-01-19 16.36.19.jpg	0	[0.45916313, 0.25466228, 0.6588235348463058, 0.3263441324234009]
156
	156/img-2011-10-25-0029-3.JPG	0	[0.56785196, 0.26193887, 0.7921568602323532, 0.2151072323322296]
	156/img-2011-10-25-0029-1.JPG	1	[0.5821922, 0.2397867, 0.7254901975393295, 0.2153269052505493]
	156/img-2011-10-25-0029-2.JPG	0	[0.6453874, 0.2237225, 0.6274509727954865, 0.2053554356098175]
314
	314/IMG_6408.JPG	1	[0.5847731, 0.3390302, 0.8823529407382011, 0.3038524687290192]
	314/IMG_6409.JPG	0	[0.57485497, 0.31602937, 0.8352941125631332, 0.27187207341194153]
205
	205/2016-10-31 10.44.25.jpg	0	[0.44408473, 0.22329088, 0.6274509876966476, 0.27567258477211]
	205/2016-10-31 10.44.53.jpg	1	[0.4735495, 0.21475811, 0.6000000089406967, 0.2592730224132538]
	205/2016-10-31 10.44.23.jpg	0	[0.4212504, 0.21780813, 0.5960784405469894, 0.28133195638656616]
	205/2016-10-31 10.45.11.jpg	0	[0.4539811, 0.20734659, 0.5764705985784531, 0.25167542695999146]
	205/2016-10-31 10.45.12.jpg	0	[0.4527595, 0.20863962, 0.5764705985784531, 0.2553894519805908]
	205/2016-10-31 10.44.06.jpg	0	[0.4207731, 0.22794735, 0.6352941319346428, 0.2514813840389252]
	205/2016-10-31 10.45.10.jpg	1	[0.4553843, 0.20935315, 0.5803921669721603, 0.24600949883461]
	205/2016-10-31 10.44.05.jpg	0	[0.42106003, 0.23318931, 0.6470588371157646, 0.2514776587486267]
140
	140/img-2011-10-17-1535.jpg	0	[0.42408437, 0.30916056, 0.8509803991764784, 0.41096946597099293]
	140/img-2011-10-17-1535-1.jpg	1	[0.44232973, 0.30781525, 0.8627451024949551, 0.36551859974861145]
351
	351/IMG_4952.JPG	0	[0.42847598, 0.23082568, 0.6078431457281113, 0.2916064262390137]
	351/IMG_4951.JPG	0	[0.4795854, 0.26870918, 0.7098039239645004, 0.2918606996536255]
	351/IMG_4955.JPG	1	[0.4861126, 0.26044828, 0.674509808421135, 0.297171413898468]
113
	113/img-2011-07-08-1243.JPG	0	[0.4950855, 0.26185057, 0.7333333343267441, 0.1335662603378296]
	113/img-2011-07-08-1243-1.JPG	1	[0.5157765, 0.23764543, 0.647058829665184, 0.1092170774936676]
382
	382/IMG_8075.JPG	1	[0.44973952, 0.30360603, 0.9137254878878593, 0.1841360032558441]
	382/IMG_8074.JPG	1	[0.43805146, 0.30187207, 0.9019607827067375, 0.17486810684204102]
	382/IMG_8078.JPG	0	[0.44365734, 0.3126082, 0.9098039194941521, 0.20156748592853546]
	382/IMG_8076.JPG	1	[0.46929088, 0.31447378, 0.9058823511004448, 0.18487665057182312]
	382/IMG_8077.JPG	0	[0.47340962, 0.31720343, 0.8980392143130302, 0.18732190132141116]
	382/IMG_8079.JPG	0	[0.48477176, 0.3181759, 0.8980392143130302, 0.17880864441394806]
	382/IMG_8080.JPG	0	[0.47479492, 0.31794485, 0.894117645919323, 0.17428544163703918]
	382/IMG_8082.JPG	0	[0.4730272, 0.32207862, 0.8980392143130302, 0.17671054601669312]
	382/IMG_8081.JPG	0	[0.4834945, 0.32089704, 0.894117645919323, 0.17410661280155182]
	382/IMG_8083.JPG	0	[0.39448515, 0.28821626, 0.7607843205332756, 0.1938704550266266]
356
	356/IMG_7121.JPG	0	[0.48818073, 0.32059142, 0.9176470562815666, 0.3692529797554016]
	356/IMG_7123.JPG	1	[0.49861893, 0.323689, 0.9176470562815666, 0.3633442223072052]
	356/IMG_7122.JPG	0	[0.50482744, 0.3232298, 0.9098039194941521, 0.3620059788227081]
	356/IMG_7118.JPG	1	[0.49009395, 0.32431838, 0.9137254878878593, 0.3619964420795441]
	356/IMG_7119.JPG	0	[0.49667203, 0.32362747, 0.9098039194941521, 0.36179372668266296]
368
	368/IMG_7825.JPG	1	[0.55536896, 0.25538176, 0.7411764711141586, 0.2076462358236313]
	368/IMG_7824.JPG	0	[0.53060526, 0.26346764, 0.7450980395078659, 0.2205047756433487]
160
	160/img-2011-10-27-0642.jpg	1	[0.25695238, 0.2961492, 0.7411764850839972, 0.4791116714477539]
	160/img-2011-10-27-0643.jpg	0	[0.30824333, 0.32206997, 0.8196078529581428, 0.4053606390953064]
133
	133/img-2011-08-17-1204-5.JPG	1	[0.54889196, 0.27774325, 0.7764705941081047, 0.44180116057395935]
	133/img-2011-08-17-1205.JPG	0	[0.6086614, 0.206041, 0.56470587849617, 0.31998634338378906]
304
	304/IMG_6143.JPG	0	[0.5928092, 0.24109912, 0.6509803980588913, 0.20657579600811005]
	304/IMG_6142.JPG	1	[0.5816662, 0.23724468, 0.6392156779766083, 0.20390720665454865]
231
	231/2017-08-17 07.12.58.jpg	1	[0.6027971, 0.24985988, 0.6862744987010956, 0.3380770683288574]
	231/2017-08-17 07.13.00.jpg	0	[0.5654787, 0.24303162, 0.6627451032400131, 0.3421339988708496]
	231/2017-08-17 07.12.58_1.jpg	1	[0.6147949, 0.24573626, 0.6627450883388519, 0.3479650616645813]
	231/2017-08-17 07.13.00_1.jpg	0	[0.5340509, 0.23429857, 0.6274509876966476, 0.3560373783111572]
153
	153/img-2011-10-24-1426.jpg	1	[0.45910072, 0.20804024, 0.5568627640604973, 0.2047177255153656]
	153/img-2011-10-24-1426-1.jpg	0	[0.38544247, 0.2280161, 0.5607843324542046, 0.2458909302949905]
384
	384/IMG_8596.JPG	0	[0.70608926, 0.31217387, 0.7333333194255829, 0.11839575320482255]
	384/IMG_8601.JPG	0	[0.69180614, 0.31782886, 0.7450980246067047, 0.12416855245828627]
	384/IMG_8598.JPG	0	[0.6906399, 0.31960887, 0.749019593000412, 0.12523402273654938]
	384/IMG_8594.JPG	0	[0.6984558, 0.31705117, 0.7450980246067047, 0.11882887780666353]
	384/IMG_8597.JPG	1	[0.7020775, 0.31430182, 0.7372548878192902, 0.11731234937906265]
	384/IMG_8595.JPG	0	[0.6962921, 0.3206779, 0.7529411762952805, 0.12150922417640685]
	384/IMG_8593.JPG	1	[0.69925237, 0.31779343, 0.7450980246067047, 0.11988691985607147]
	384/IMG_8602.JPG	0	[0.6889136, 0.32045728, 0.749019593000412, 0.12362659722566605]
	384/IMG_8600.JPG	0	[0.68041295, 0.3280278, 0.7686274498701096, 0.12711694836616516]
	384/IMG_8599.JPG	0	[0.6877297, 0.3210967, 0.749019593000412, 0.12456434220075607]
246
	246/2017-07-19 21.12.04.jpg	1	[0.5085144, 0.27126, 0.7568627446889877, 0.4363272190093994]
	246/2017-07-19 21.12.03.jpg	0	[0.520308, 0.27361032, 0.7647058814764023, 0.43327364325523376]
	246/2017-07-19 21.11.58.jpg	0	[0.51132333, 0.29927176, 0.823529414832592, 0.40923747420310974]
134
	134/img-2011-08-22-2104.JPG	1	[0.45768613, 0.23678596, 0.6313725635409355, 0.20896492898464206]
	134/img-2011-08-22-2103.JPG	0	[0.49082014, 0.25165716, 0.6705882400274277, 0.16382554173469546]
101
	101/img-2011-07-01-1103-1.JPG	0	[0.37268257, 0.19458061, 0.45098041743040085, 0.1954404413700104]
	101/img-2011-07-01-1103-5.JPG	0	[0.3841148, 0.19036672, 0.41568630188703537, 0.1900054216384888]
	101/img-2011-07-01-1103-3.JPG	1	[0.39063844, 0.19301292, 0.4274510070681572, 0.18303216993808746]
	101/img-2011-07-01-1103.JPG	0	[0.37207887, 0.21985084, 0.5019608065485954, 0.17466087639331818]
	101/img-2011-07-01-1103-2.JPG	0	[0.38713935, 0.21667577, 0.4745098277926445, 0.17426015436649325]
	101/img-2011-07-01-1103-4.JPG	0	[0.38866284, 0.21640727, 0.4705882593989372, 0.16903631389141086]
120
	120/img-2011-07-16-1747-4.JPG	0	[0.5383889, 0.32317156, 0.8509803935885429, 0.3578804135322571]
	120/img-2011-07-16-1748.JPG	1	[0.54326564, 0.32374725, 0.8705882355570793, 0.3286861181259155]
315
	315/IMG_6463.JPG	1	[0.5602341, 0.29502898, 0.8431372493505478, 0.3864105641841888]
	315/IMG_6461.JPG	0	[0.55714726, 0.29860508, 0.8509803861379623, 0.3885224163532257]
	315/IMG_6462.JPG	1	[0.57087994, 0.2978867, 0.8352941125631332, 0.4060284197330475]
275
	275/2019-06-06 17.57.57.jpg	0	[0.56484264, 0.15965232, 0.4313725531101227, 0.36014994978904724]
	275/2019-06-06 17.57.58.jpg	1	[0.48776537, 0.18128145, 0.48627451062202454, 0.31462499499320984]
369
	369/IMG_7868.JPG	0	[0.5506072, 0.28116012, 0.8196078389883041, 0.2246239334344864]
	369/IMG_7867.JPG	1	[0.47834858, 0.28804913, 0.7882352918386459, 0.2393918186426163]
	369/IMG_7869.JPG	0	[0.47222304, 0.27809653, 0.7450980395078659, 0.24733373522758484]
185
	185/img-2011-11-23-1727-2.JPG	1	[0.5031771, 0.252089, 0.7490196190774441, 0.2927401065826416]
	185/img-2011-11-23-1727-3.JPG	0	[0.52530384, 0.20316859, 0.5725490301847458, 0.2754207253456116]
302
	302/IMG_6120.JPG	0	[0.5446993, 0.24026765, 0.6823529452085495, 0.2509617209434509]
	302/IMG_6122.JPG	1	[0.54882455, 0.23938692, 0.6784313768148422, 0.24718615412712094]
	302/IMG_6121.JPG	0	[0.5335149, 0.24074498, 0.6784313768148422, 0.2537424564361572]
158
	158/img-2011-10-25-1259-1.jpg	1	[0.4758141, 0.2882561, 0.7450980469584465, 0.21153029799461365]
	158/img-2011-10-25-1259.jpg	0	[0.53695065, 0.31180575, 0.8000000044703484, 0.19096599519252774]
374
	374/IMG_5593.JPG	0	[0.3604648, 0.18449953, 0.4588235467672348, 0.3836686313152313]
	374/IMG_5592.JPG	1	[0.41740006, 0.19459933, 0.4431372731924057, 0.3660582900047302]
366
	366/IMG_7720.JPG	0	[0.47165146, 0.24948196, 0.6823529452085495, 0.5645681023597717]
	366/IMG_7719.JPG	0	[0.47550696, 0.24785651, 0.6705882400274277, 0.5561650395393372]
	366/IMG_7722.JPG	1	[0.48631588, 0.23891555, 0.6549019664525986, 0.5268653631210327]
	366/IMG_7721.JPG	1	[0.42712492, 0.23519053, 0.6235294193029404, 0.5563958287239075]
	366/IMG_7718.JPG	0	[0.436841, 0.22933981, 0.6196078509092331, 0.5203234553337097]
	366/IMG_7723.JPG	0	[0.45232117, 0.23476177, 0.6352941244840622, 0.5025197863578796]
167
	167/img-2011-11-04-1245-1.JPG	1	[0.43403408, 0.24165463, 0.6980392262339592, 0.2267578840255737]
	167/img-2011-11-04-1245.JPG	0	[0.44256973, 0.24400665, 0.7019607946276665, 0.22227708995342252]
249
	249/2017-08-10 11.10.49.jpg	1	[0.44125804, 0.1741429, 0.4588235318660736, 0.6501771211624146]
	249/2017-08-10 11.10.41.jpg	0	[0.57847273, 0.17870346, 0.47058823704719543, 0.5688645243644714]
100
	100/img-2011-07-01-0955-1.JPG	0	[0.5731577, 0.27944005, 0.8156862780451775, 0.10466746985912324]
	100/img-2011-07-01-0955.JPG	1	[0.6489286, 0.3046805, 0.8901960775256157, 0.09222488105297087]
122
	122/img-2011-07-24-1211-1.JPG	0	[0.52153796, 0.22683513, 0.6078431457281113, 0.1815607249736786]
	122/img-2011-07-24-1211.JPG	1	[0.5240786, 0.23693962, 0.6431372612714767, 0.16534343361854553]
363
	363/IMG_7538.JPG	0	[0.5739223, 0.26850963, 0.717647060751915, 0.13989776372909546]
	363/IMG_7540.JPG	1	[0.5846308, 0.27599922, 0.7372549027204514, 0.1411411464214325]
	363/IMG_7536.JPG	0	[0.56016845, 0.28370163, 0.7568627446889877, 0.14098826050758362]
253
	253/2018-04-21 19.53.23.jpg	0	[0.43317088, 0.23153363, 0.6313725635409355, 0.41769325733184814]
	253/2018-04-21 19.53.26.jpg	1	[0.37189746, 0.24100581, 0.6274509951472282, 0.4518099427223206]
	253/2018-04-21 19.53.28.jpg	0	[0.3658397, 0.24006039, 0.6274509951472282, 0.4366306364536285]
	253/2018-04-21 19.53.18.jpg	0	[0.29066175, 0.17302935, 0.4117647334933281, 0.3873476386070252]
343
	343/IMG_0161.JPG	1	[0.5290255, 0.2620503, 0.7294117659330368, 0.2612873315811157]
	343/IMG_0158.JPG	0	[0.5343031, 0.26698422, 0.7450980395078659, 0.2464970201253891]
	343/IMG_0159.JPG	0	[0.54016554, 0.27941704, 0.7843137234449387, 0.2162453979253769]
308
	308/IMG_6268.JPG	0	[0.5030267, 0.268609, 0.7411764711141586, 0.2686338126659393]
	308/IMG_6267.JPG	1	[0.50483537, 0.26933956, 0.7372549027204514, 0.2671358287334442]
	308/IMG_6269.JPG	1	[0.49296138, 0.27030444, 0.7411764711141586, 0.26487019658088684]
103
	103/img-2011-07-01-1126-5.JPG	1	[0.5611506, 0.22095017, 0.6117646992206573, 0.30613771080970764]
	103/img-2011-07-01-1126-2.JPG	1	[0.5611518, 0.22095358, 0.6117646992206573, 0.3061325252056122]
	103/img-2011-07-01-1126-3.JPG	0	[0.63495827, 0.23089482, 0.6470588147640228, 0.2635316848754883]
	103/img-2011-07-01-1126.JPG	0	[0.5559785, 0.22199123, 0.6156862676143646, 0.2778241336345673]
	103/img-2011-07-01-1126-1.JPG	0	[0.6421615, 0.22859862, 0.6313725411891937, 0.23404711484909055]
	103/img-2011-07-01-1127.JPG	0	[0.6192766, 0.24970827, 0.6705882251262665, 0.20391970872879028]
	103/img-2011-07-01-1127-1.JPG	0	[0.5920152, 0.24699494, 0.6313725560903549, 0.20835803449153897]
370
	370/IMG_7884.JPG	1	[0.51558757, 0.31014395, 0.894117645919323, 0.4070220291614533]
	370/IMG_7881.JPG	0	[0.4845627, 0.27366206, 0.7764705941081047, 0.3747538626194]
	370/IMG_7882.JPG	0	[0.5310611, 0.28959203, 0.8392156809568405, 0.3446453809738159]
	370/IMG_7883.JPG	0	[0.50605404, 0.2767233, 0.803921565413475, 0.3279157876968384]
200
	200/2016-09-17 15.24.06.jpg	0	[0.5728311, 0.20666468, 0.5764705836772919, 0.4478641152381897]
	200/2016-09-17 15.24.05.jpg	0	[0.60356337, 0.19621077, 0.5529411733150482, 0.42415997385978704]
	200/2016-09-17 15.23.47.jpg	1	[0.58706814, 0.21599814, 0.5725490152835846, 0.4724513292312622]
	200/2016-09-17 15.24.09.jpg	1	[0.6091045, 0.19790144, 0.5411764681339264, 0.4144202470779419]
	200/2016-09-17 15.23.56.jpg	0	[0.571438, 0.20696254, 0.5529411733150482, 0.3846283257007599]
	200/2016-09-17 15.24.04.jpg	0	[0.6973716, 0.17814966, 0.4470588266849518, 0.3807720541954041]
362
	362/IMG_7494.JPG	0	[0.44811764, 0.28427497, 0.8039215728640556, 0.4621594846248626]
	362/IMG_7498.JPG	0	[0.42474437, 0.2724685, 0.7568627521395683, 0.4659771323204041]
	362/IMG_7497.JPG	0	[0.43520153, 0.2776277, 0.7764705941081047, 0.4558582603931427]
	362/IMG_7495.JPG	0	[0.43863854, 0.27755034, 0.7647058889269829, 0.4646461009979248]
	362/IMG_7496.JPG	1	[0.42116463, 0.27332366, 0.7490196153521538, 0.4578396379947662]
260
	260/2019-01-19 16.42.17.jpg	0	[0.636635, 0.28128392, 0.7647058814764023, 0.3052561283111572]
	260/2019-01-19 16.42.07.jpg	1	[0.63819116, 0.2922126, 0.7882352918386459, 0.2944961190223694]
163
	163/img-2011-10-27-1333-1.jpg	0	[0.49758896, 0.2683607, 0.717647060751915, 0.2902615368366241]
	163/img-2011-10-27-1333.jpg	1	[0.56257755, 0.26626915, 0.7137254923582077, 0.2671896815299988]
265
	265/2019-05-13 10.38.24_34.jpg	0	[0.453492, 0.26027206, 0.717647060751915, 0.5100079178810121]
	265/2019-05-13 10.38.24_35.jpg	1	[0.48207814, 0.26440522, 0.7294117659330368, 0.4994201064109802]
162
	162/img-2011-10-27-1232-2.jpg	1	[0.45263338, 0.34045637, 0.9137254878878593, 0.21382379531860352]
	162/img-2011-10-27-1232-3.jpg	1	[0.4835912, 0.3403631, 0.9019607827067375, 0.21402262151241305]
	162/img-2011-10-27-1232.jpg	0	[0.39575008, 0.3990393, 0.9764705887064338, 0.2916214466094971]
	162/img-2011-10-27-1232-1.jpg	0	[0.41150635, 0.3982407, 0.9686274509876966, 0.2724353969097137]
107
	107/img-2011-07-01-1631-2.JPG	0	[0.55634856, 0.26358598, 0.6705882400274277, 0.15014603734016418]
	107/img-2011-07-01-1633.JPG	0	[0.5177643, 0.27124095, 0.709803931415081, 0.12832078337669373]
	107/img-2011-07-01-1633-2.JPG	0	[0.46701917, 0.28017178, 0.7137254998087883, 0.1239362731575966]
	107/img-2011-07-01-1633-1.JPG	0	[0.480979, 0.2773499, 0.733333345502615, 0.0807686597108841]
	107/img-2011-07-01-1631.JPG	0	[0.48124614, 0.28733587, 0.7294117733836174, 0.10448581725358964]
	107/img-2011-07-01-1630-1.JPG	0	[0.5338098, 0.30443946, 0.7568627521395683, 0.12774807214736938]
	107/img-2011-07-01-1631-1.JPG	0	[0.43099323, 0.2957367, 0.7294117771089077, 0.10699958354234697]
	107/img-2011-07-01-1630.JPG	0	[0.446965, 0.3046011, 0.7568627558648586, 0.06613773852586746]
	107/img-2011-07-01-1633-3.JPG	1	[0.5186384, 0.32121345, 0.7450980469584465, 0.12961265444755554]
143
	143/img-2011-10-19-1350.JPG	0	[0.48737574, 0.26128408, 0.6862745210528374, 0.4182406663894653]
	143/img-2011-10-19-1349-1.JPG	0	[0.41783345, 0.25346696, 0.6549019739031792, 0.41305747628211975]
	143/img-2011-10-19-1350-1.JPG	1	[0.48547876, 0.26197988, 0.6941176578402519, 0.3833334743976593]
	143/img-2011-10-19-1349.JPG	0	[0.42171204, 0.25197148, 0.6470588371157646, 0.4083443880081177]
219
	219/2017-01-28 20.16.19.jpg	0	[0.47970274, 0.2771352, 0.8235294073820114, 0.42623570561409]
	219/2017-01-28 20.16.20.jpg	0	[0.4850547, 0.2870747, 0.8392156809568405, 0.4380452930927277]
	219/2017-01-28 20.16.22.jpg	1	[0.55487704, 0.28422406, 0.7999999970197678, 0.415531724691391]
	219/2017-01-28 20.16.10.jpg	0	[0.45548406, 0.30129433, 0.866666667163372, 0.3693745136260986]
	219/2017-01-28 20.16.09.jpg	0	[0.45396048, 0.30789334, 0.8745098039507866, 0.3837141990661621]
	219/2017-01-28 20.16.21.jpg	1	[0.5812296, 0.29368567, 0.7999999970197678, 0.40920352935791016]
243
	243/IMG_20190330_181312.jpg	0	[0.47273114, 0.27920097, 0.7686274573206902, 0.5153535008430481]
	243/IMG_20190330_181306.jpg	1	[0.4783477, 0.27936047, 0.7686274573206902, 0.5149634480476379]
	243/IMG_20190330_181301.jpg	0	[0.47378185, 0.2778219, 0.7647058889269829, 0.5133380293846129]
	243/IMG_20190330_181235.jpg	1	[0.455107, 0.2917364, 0.7921568676829338, 0.4945452809333801]
	243/IMG_20190330_181318.jpg	1	[0.45185426, 0.27483547, 0.7686274573206902, 0.4537026584148407]
	243/IMG_20190330_181236.jpg	0	[0.45692077, 0.29285285, 0.7960784360766411, 0.4893858432769776]
	243/IMG_20190330_181234.jpg	1	[0.4683246, 0.2965225, 0.8039215728640556, 0.489263266324997]
	243/IMG_20190330_181241.jpg	0	[0.47297508, 0.28094915, 0.7764705941081047, 0.43281421065330505]
	243/IMG_20190330_181238.jpg	0	[0.45587578, 0.2842649, 0.7843137308955193, 0.4229256808757782]
	243/IMG_20190330_181235(1).jpg	0	[0.49173602, 0.28053895, 0.752941183745861, 0.40131035447120667]
373
	373/IMG_5567.JPG	0	[0.5812421, 0.28463808, 0.7568627446889877, 0.2463079541921616]
	373/IMG_5568.JPG	1	[0.58570564, 0.28479093, 0.7568627446889877, 0.2427433133125305]
	373/IMG_5566.JPG	1	[0.58479536, 0.28777283, 0.7568627446889877, 0.2395670562982559]
360
	360/IMG_7401.JPG	1	[0.46638167, 0.3050108, 0.8549019619822502, 0.1851211041212082]
	360/IMG_7403.JPG	0	[0.47361782, 0.29133445, 0.8117647022008896, 0.17503926157951355]
273
	273/2019-05-26 17.30.37.jpg	1	[0.37715566, 0.24761118, 0.7019607946276665, 0.3973260521888733]
	273/2019-05-26 17.30.36.jpg	0	[0.3775686, 0.24741462, 0.7019607946276665, 0.3963989913463593]
	273/2019-05-26 17.30.34.jpg	0	[0.37656334, 0.24561422, 0.6941176578402519, 0.3884770274162293]
172
	172/img-2011-11-06-1207.JPG	0	[0.41463876, 0.27740788, 0.7725490257143974, 0.3068898022174835]
	172/img-2011-11-06-1207-2.JPG	1	[0.3934398, 0.27782333, 0.7529411874711514, 0.3258284032344818]
	172/img-2011-11-06-1207-1.JPG	0	[0.4183905, 0.29394886, 0.7960784398019314, 0.31749337911605835]
228
	228/2017-04-28 14.20.47.jpg	1	[0.47561735, 0.21966653, 0.5843137353658676, 0.27874988317489624]
	228/2017-04-28 14.20.49.jpg	0	[0.4753523, 0.21109341, 0.5490196198225021, 0.288848340511322]
	228/2017-04-28 14.20.44_1.jpg	0	[0.4991534, 0.21237132, 0.5529411882162094, 0.2751871943473816]
	228/2017-04-28 14.20.48.jpg	0	[0.4683827, 0.21364999, 0.5411764830350876, 0.28726813197135925]
	228/2017-04-28 14.20.46.jpg	1	[0.46187258, 0.2204891, 0.560784325003624, 0.2753903269767761]
	228/2017-04-28 14.20.39.jpg	0	[0.47211614, 0.21382178, 0.5294117778539658, 0.2704526782035828]
250
	250/2017-08-31 19.42.50.jpg	0	[0.40390372, 0.2387588, 0.6509804055094719, 0.3330574929714203]
	250/2017-08-31 19.42.51.jpg	1	[0.3724181, 0.23507783, 0.6313725635409355, 0.34270578622817993]
251
	251/2017-11-26 15.00.23.jpg	0	[0.5496984, 0.29057512, 0.823529414832592, 0.6338872313499451]
	251/2017-11-26 15.00.31.jpg	0	[0.519144, 0.28480983, 0.8000000044703484, 0.6327369213104248]
	251/2017-11-26 15.00.30.jpg	1	[0.48569727, 0.2898478, 0.8039215728640556, 0.6448191404342651]
	251/2017-11-26 15.00.20.jpg	0	[0.48841205, 0.28881994, 0.7960784360766411, 0.6477503776550293]
	251/2017-11-26 15.00.36.jpg	0	[0.48751745, 0.3058013, 0.8313725516200066, 0.6100297570228577]
125
	125/img-2011-07-24-1343-1.JPG	1	[0.44725376, 0.32402596, 0.8352941200137138, 0.2282574325799942]
	125/img-2011-07-24-1343.JPG	0	[0.45521328, 0.33099508, 0.8431372568011284, 0.2425104081630707]
170
	170/img-2011-11-06-1205-6.JPG	0	[0.44230342, 0.2730474, 0.7490196153521538, 0.3495969772338867]
	170/img-2011-11-06-1205-7.JPG	0	[0.46443352, 0.2849003, 0.7764705941081047, 0.3479504585266113]
	170/img-2011-11-06-1206-1.JPG	1	[0.4063115, 0.2950069, 0.8117647133767605, 0.34466883540153503]
328
	328/IMG_6694.JPG	1	[0.5295706, 0.291516, 0.823529414832592, 0.447616308927536]
	328/IMG_6693.JPG	1	[0.50292295, 0.27505708, 0.7490196079015732, 0.4568058848381042]
	328/IMG_6692.JPG	0	[0.5180632, 0.25691867, 0.6941176503896713, 0.4446312785148621]
271
	271/2019-05-16 20.47.26.jpg	0	[0.41434294, 0.28503016, 0.7568627521395683, 0.3321492373943329]
	271/2019-05-16 20.47.28.jpg	0	[0.41446558, 0.28903335, 0.7725490257143974, 0.3187987506389618]
	271/2019-05-16 20.47.29.jpg	1	[0.42437226, 0.28958532, 0.7764705941081047, 0.3117371797561645]
	271/2019-05-16 20.47.30.jpg	1	[0.42384925, 0.29038462, 0.7764705941081047, 0.311492919921875]
372
	372/IMG_7992.JPG	0	[0.512544, 0.25310284, 0.690196081995964, 0.34436360001564026]
	372/IMG_7991.JPG	1	[0.49637058, 0.2512076, 0.6823529452085495, 0.3348540961742401]
	372/IMG_7993.JPG	0	[0.50105065, 0.25045758, 0.6705882400274277, 0.3398796617984772]
245
	245/IMG_20190511_111651.jpg	0	[0.51992273, 0.29269677, 0.7882352992892265, 0.3102481961250305]
	245/IMG_20190511_111650.jpg	0	[0.51180816, 0.28887054, 0.7764705941081047, 0.3063064813613892]
	245/IMG_20190511_111712.jpg	1	[0.48423564, 0.2987688, 0.7764705941081047, 0.3226247131824493]
	245/IMG_20190511_111714.jpg	0	[0.46088392, 0.28520337, 0.7411764785647392, 0.31198644638061523]
	245/IMG_20190511_111727.jpg	0	[0.46774572, 0.29494646, 0.7686274573206902, 0.3078822195529938]
	245/IMG_20190511_111729.jpg	1	[0.46546456, 0.2985714, 0.7686274573206902, 0.3195642530918121]
	245/IMG_20190511_111728.jpg	0	[0.4651427, 0.29641256, 0.7607843205332756, 0.31869611144065857]
233
	233/201_Good.jpg	1	[0.4699576, 0.2913986, 0.7960784360766411, 0.3303742408752441]
	233/202_Bad.jpg	0	[0.50146246, 0.2794222, 0.7411764711141586, 0.30177924036979675]
119
	119/img-2011-07-16-1747-3.JPG	1	[0.63210505, 0.28484675, 0.7921568602323532, 0.4475906491279602]
	119/img-2011-07-16-1747-2.JPG	0	[0.5140271, 0.31223187, 0.8039215728640556, 0.4446895122528076]
215
	215/2017-01-02 10.11.48.jpg	0	[0.6036235, 0.24330316, 0.6823529452085495, 0.4744057059288025]
	215/2017-01-02 10.11.51.jpg	1	[0.5967726, 0.2164618, 0.6156862825155258, 0.4539524912834168]
	215/2017-01-02 10.11.45.jpg	0	[0.6404884, 0.2416237, 0.6980392187833786, 0.42482990026474]
	215/2017-01-02 10.11.57.jpg	1	[0.564162, 0.19022398, 0.5098039209842682, 0.4224752187728882]
	215/2017-01-02 10.11.55.jpg	0	[0.5438652, 0.19583677, 0.52156862616539, 0.410443127155304]
139
	139/img-2011-10-17-1533-1.jpg	1	[0.4419715, 0.24477434, 0.6823529526591301, 0.15810585021972656]
	139/img-2011-10-17-1533.jpg	0	[0.43992764, 0.23727861, 0.6470588371157646, 0.1472437083721161]
106
	106/img-2011-07-01-1629-1.JPG	1	[0.5641554, 0.21402209, 0.6235294193029404, 0.09500602632761003]
	106/img-2011-07-01-1629-3.JPG	0	[0.5994283, 0.15463984, 0.3764705955982208, 0.11808177828788755]
	106/img-2011-07-01-1629.JPG	0	[0.48600638, 0.28164113, 0.7372549138963223, 0.07701601833105087]
	106/img-2011-07-01-1629-2.JPG	0	[0.59652567, 0.17159264, 0.3843137323856354, 0.10208702087402344]
269
	269/2019-05-13 10.38.44_63.jpg	1	[0.53278023, 0.24313414, 0.7019607871770859, 0.29221442341804504]
	269/2019-05-13 10.38.44_62.jpg	0	[0.52252465, 0.24702236, 0.7058823555707932, 0.28797703981399536]
	269/2019-05-13 10.38.44_61.jpg	0	[0.5279218, 0.24614044, 0.7019607871770859, 0.2859908640384674]
332
	332/IMG_6818.JPG	0	[0.44132537, 0.2895112, 0.7647058889269829, 0.34950223565101624]
	332/IMG_6819.JPG	0	[0.4155209, 0.28080717, 0.752941183745861, 0.3219437003135681]
	332/IMG_6820.JPG	1	[0.41121298, 0.27759838, 0.7333333417773247, 0.3294685184955597]
232
	232/101_Bad.jpg	0	[0.59210914, 0.2604166, 0.7568627446889877, 0.38220566511154175]
	232/104_Good.jpg	0	[0.5954158, 0.27965593, 0.7999999970197678, 0.3924237787723541]
	232/102_Good.jpg	1	[0.5648996, 0.27173954, 0.760784313082695, 0.3699215352535248]
	232/103_Bad.jpg	1	[0.5808613, 0.29250202, 0.7882352918386459, 0.3687915802001953]
118
	118/img-2011-07-16-1747-1.JPG	1	[0.5976574, 0.25550652, 0.7215686291456223, 0.4887251853942871]
	118/img-2011-07-16-1747.JPG	0	[0.613755, 0.26765722, 0.7529411762952805, 0.45014533400535583]
331
	331/IMG_6817.JPG	1	[0.43693906, 0.28660434, 0.7960784360766411, 0.4016762673854828]
	331/IMG_6816.JPG	0	[0.43436798, 0.27600527, 0.7647058889269829, 0.3684069812297821]
174
	174/img-2011-11-06-1237-8.JPG	0	[0.4959304, 0.29029542, 0.7921568714082241, 0.301289439201355]
	174/img-2011-11-06-1237-7.JPG	0	[0.4142504, 0.26778266, 0.7254902087152004, 0.29787811636924744]
	174/img-2011-11-06-1237-2.JPG	0	[0.4777849, 0.27202478, 0.752941183745861, 0.2637462913990021]
	174/img-2011-11-06-1237-6.JPG	0	[0.4302218, 0.27048212, 0.7372549138963223, 0.28424206376075745]
	174/img-2011-11-06-1237-3.JPG	1	[0.46790352, 0.26771277, 0.7333333417773247, 0.2726253569126129]
	174/img-2011-11-06-1237-4.JPG	1	[0.4679616, 0.26772672, 0.7333333417773247, 0.2726514637470245]
	174/img-2011-11-06-1237-5.JPG	0	[0.48410055, 0.28043827, 0.7686274573206902, 0.2656053304672241]
