274
	274/2019-05-29 17.44.42.jpg	0	[10.320150600783476, 10.330726805537216]
	274/2019-05-29 17.44.41.jpg	1	[10.244392163558619, 10.279133793787613]
	274/2019-05-29 17.44.40.jpg	0	[10.301170090072747, 10.289493242511183]
129
	129/img-2011-07-30-1329-1.JPG	1	[10.103922061646756, 10.274843493503072]
	129/img-2011-07-30-1329-2.JPG	0	[10.316834064988722, 10.349908822221533]
303
	303/IMG_6127.JPG	1	[10.24025579490655, 10.257141694292983]
	303/IMG_6123.JPG	0	[10.220249077734724, 10.244647031348656]
137
	137/img-2011-09-18-1513-1.JPG	0	[10.277248728656131, 10.369920341653003]
	137/img-2011-09-18-1513.JPG	1	[10.403404602895293, 10.366867152975805]
344
	344/IMG_20190501_200322_1.jpg	1	[10.01862051172754, 10.380394999625036]
	344/IMG_20190501_200326.jpg	0	[10.155849225866596, 10.337785028888879]
	344/IMG_20190501_200323.jpg	0	[10.30901559860614, 10.39158943802088]
	344/IMG_20190501_200324.jpg	0	[10.159964014425153, 10.305289401294276]
	344/IMG_20190501_200320.jpg	0	[10.180550855560629, 10.213986716838804]
131
	131/img-2011-08-17-1150.JPG	1	[10.249885372358287, 10.40800550237124]
	131/img-2011-08-17-1149-1.JPG	0	[10.230178275396119, 10.37905961896582]
	131/img-2011-08-17-1149.JPG	0	[10.273255553284262, 10.393191595619468]
109
	109/img-2011-07-04-1516.JPG	0	[10.290290359537662, 10.352318045311897]
	109/img-2011-07-04-1516-1.JPG	1	[10.165461192554138, 10.301473154694502]
	109/img-2011-07-04-1516-4.JPG	1	[10.244434985940043, 10.305143225892513]
	109/img-2011-07-04-1516-3.JPG	0	[10.218776131226145, 10.261863596985581]
	109/img-2011-07-04-1516-2.JPG	0	[10.287899012376977, 10.276371888457653]
	109/img-2011-07-04-1516-5.JPG	0	[10.243451515490046, 10.235552814688974]
220
	220/2017-01-28 20.17.01.jpg	0	[10.277992544135488, 10.404978902449084]
	220/2017-01-28 20.17.17.jpg	0	[10.18012106053405, 10.355309703621513]
	220/2017-01-28 20.16.57.jpg	0	[10.206307678620318, 10.35723379924103]
	220/2017-01-28 20.16.55.jpg	0	[10.266145968753698, 10.357476014172768]
	220/2017-01-28 20.17.07.jpg	0	[10.225928721886225, 10.314575904096992]
	220/2017-01-28 20.17.18.jpg	0	[10.341146735053053, 10.354013129453591]
	220/2017-01-28 20.16.58.jpg	1	[10.264990660695224, 10.3162705272614]
	220/2017-01-28 20.17.02.jpg	0	[10.147165408147858, 10.24758404847919]
	220/2017-01-28 20.17.32.jpg	0	[10.455347939552723, 10.35869861542134]
145
	145/img-2011-10-20-1237-2.JPG	1	[10.165203009969192, 10.34648713796335]
	145/img-2011-10-20-1237-1.JPG	0	[10.297838180482652, 10.35826068529301]
	145/img-2011-10-20-1237-3.JPG	0	[10.179036937193517, 10.240027379869119]
	145/img-2011-10-20-1237.JPG	0	[10.277105823809032, 10.276026319407489]
104
	104/img-2011-07-01-1224-2.JPG	0	[10.273863019942356, 10.331312818810458]
	104/img-2011-07-01-1224-3.JPG	1	[10.21630979560838, 10.280948467576417]
	104/img-2011-07-01-1224-1.JPG	0	[10.38215629392678, 10.30944147304161]
377
	377/IMG_5614.JPG	1	[10.13650875866307, 10.250186076738864]
	377/IMG_5615.JPG	0	[10.135233287714039, 10.224417775191027]
336
	336/IMG_6892.JPG	1	[10.219455892930826, 10.360700030096247]
	336/IMG_6893.JPG	0	[10.297895598012179, 10.33432441375389]
354
	354/IMG_0015.JPG	1	[10.145499869525358, 10.323330867051382]
	354/IMG_0017.JPG	0	[10.168974900997119, 10.33218373833847]
159
	159/img-2011-10-27-0444.JPG	1	[10.280165038212695, 10.387073739096923]
	159/img-2011-10-27-0444-1.JPG	0	[10.21596962903795, 10.288040841959939]
	159/img-2011-10-27-0444-2.JPG	0	[10.33113218264547, 10.313700165655298]
222
	222/2017-01-31 20.11.51_1.jpg	0	[10.39843383147005, 10.363792616477845]
	222/2017-01-31 20.11.49.jpg	1	[10.281681132915244, 10.28789553495384]
	222/2017-01-31 20.11.51.jpg	1	[10.314419654426379, 10.273132558571529]
225
	225/2017-02-11 20.46.12.jpg	1	[10.10967083222483, 10.465678987778096]
	225/2017-02-11 20.46.13.jpg	0	[10.094471814119583, 10.33778724508458]
	225/2017-02-11 20.45.36.jpg	0	[10.389129209770408, 10.447898134149005]
	225/2017-02-11 20.45.48_1.jpg	0	[10.28395337214484, 10.355066884893397]
	225/2017-02-11 20.45.48.jpg	1	[10.308024597067568, 10.318845244200228]
254
	254/2018-05-28 08.47.18.jpg	0	[10.173175125125137, 10.39211304610616]
	254/2018-05-28 08.47.20.jpg	1	[10.242961420750943, 10.309307023687433]
333
	333/IMG_6837.JPG	1	[10.142574928087788, 10.3211762577645]
	333/IMG_6833.JPG	0	[10.155765463201417, 10.280308326011395]
	333/IMG_6836.JPG	0	[10.213871996081787, 10.26948953117624]
	333/IMG_6835.JPG	0	[10.207481961202834, 10.248805787488028]
	333/IMG_6834.JPG	0	[10.152330223153744, 10.218387208039784]
339
	339/IMG_6951.JPG	0	[10.238670600785372, 10.274915960833908]
	339/IMG_6950.JPG	1	[10.183421061419397, 10.24731911421677]
367
	367/IMG_7822.JPG	1	[10.205049528967113, 10.409189153898694]
	367/IMG_7821.JPG	0	[10.254251482283534, 10.393920669161991]
	367/IMG_7823.JPG	0	[10.360428470308499, 10.332955918122611]
371
	371/IMG_7980.JPG	1	[10.278841333661964, 10.310300351918666]
	371/IMG_7981.JPG	0	[10.269532364373275, 10.300788693539165]
	371/IMG_7982.JPG	0	[10.252364839501475, 10.260492693770361]
175
	175/img-2011-11-06-1240.JPG	0	[10.237705207230587, 10.297401303583255]
	175/img-2011-11-06-1240-2.JPG	0	[10.213923909946832, 10.278915922248654]
	175/img-2011-11-06-1240-1.JPG	0	[10.167080688384504, 10.230084789761934]
	175/img-2011-11-06-1240-3.JPG	1	[10.174060030172743, 10.198056999689449]
335
	335/IMG_6861.JPG	0	[10.302562757753112, 10.435835490751534]
	335/IMG_6862.JPG	1	[10.259406634864987, 10.324248506376026]
	335/IMG_6863.JPG	1	[10.265970952955866, 10.296361672520492]
	335/IMG_6865.JPG	0	[10.31898913969941, 10.301718904630883]
	335/IMG_6864.JPG	0	[10.326162824199267, 10.283537040949511]
268
	268/2019-05-13 10.38.24_77.jpg	0	[10.2313114152765, 10.393681507816359]
	268/2019-05-13 10.38.24_79.jpg	0	[10.198588883270123, 10.335925473249265]
	268/2019-05-13 10.38.24_80.jpg	1	[10.217122639556514, 10.342343846843148]
	268/2019-05-13 10.38.24_78.jpg	0	[10.360124333640794, 10.335973129924534]
350
	350/IMG_4912.JPG	0	[10.313073344620577, 10.394108577787364]
	350/IMG_4913.JPG	1	[10.248652299810075, 10.346028761093146]
320
	320/IMG_6559.JPG	0	[10.249123884765636, 10.34254598360677]
	320/IMG_6558.JPG	1	[10.345638782660501, 10.371214374892203]
242
	242/IMG_1394.JPG	0	[9.923708384376505, 10.311774612362237]
	242/IMG_1393.JPG	1	[9.980331151204117, 10.268896643252123]
258
	258/2019-01-02 21.02.56.jpg	1	[10.039502133491427, 10.309817033022401]
	258/2019-01-02 21.03.02.jpg	0	[10.025060532689169, 10.28103593378123]
	258/2019-01-02 21.03.07.jpg	0	[10.144399636949474, 10.307444553079554]
	258/2019-01-02 21.03.00.jpg	0	[10.052092483331867, 10.266949298220418]
	258/2019-01-02 21.02.52.jpg	0	[10.150567821536358, 10.29354373893066]
319
	319/IMG_6552.JPG	0	[10.265862077504059, 10.333506331226944]
	319/IMG_6550.JPG	0	[10.223377918021397, 10.309491474420243]
	319/IMG_6551.JPG	1	[10.258513845740142, 10.277041813418428]
234
	234/303_Bad.jpg	0	[10.250675086143335, 10.33284893614035]
	234/301_Bad.jpg	0	[10.256873454613975, 10.303313356830037]
	234/302_Good.jpg	1	[10.161689498881556, 10.249214305413812]
201
	201/2016-09-19 17.35.29.jpg	0	[10.20193151997607, 10.344758707494131]
	201/2016-09-19 17.35.28.jpg	1	[10.231800949558524, 10.251742730576574]
166
	166/img-2011-11-26-2031.JPG	1	[10.281930825553381, 10.377125219567347]
	166/img-2011-11-13-0807-1.JPG	0	[10.19064114126865, 10.276313365484263]
385
	385/IMG_8609.JPG	0	[10.394213064112549, 10.430404369865771]
	385/IMG_8611.JPG	1	[10.356736619621218, 10.374341369582904]
	385/IMG_8607.JPG	0	[10.401907349792722, 10.352813211182287]
	385/IMG_8610.JPG	0	[10.32291917130446, 10.268940706655362]
266
	266/2019-05-13 10.38.24_55.jpg	0	[10.174700413447955, 10.265416152629024]
	266/2019-05-13 10.38.24_56.jpg	0	[10.188758444728167, 10.270806813438446]
	266/2019-05-13 10.38.24_54.jpg	1	[10.20429291985195, 10.235725724313467]
214
	214/2016-12-31 20.25.57.jpg	1	[10.281406204289258, 10.37619017658433]
	214/2016-12-31 20.26.10.jpg	0	[10.113242775853815, 10.265965165574633]
	214/2016-12-31 20.25.55.jpg	1	[10.246306335361362, 10.31248722562081]
	214/2016-12-31 20.25.58.jpg	1	[10.25508996143805, 10.302247636315615]
	214/2016-12-31 20.26.09.jpg	0	[10.196506754766556, 10.27866851265094]
	214/2016-12-31 20.25.48.jpg	0	[10.279744974379533, 10.307728501574442]
	214/2016-12-31 20.26.06.jpg	0	[10.155157693664984, 10.255850580653851]
365
	365/IMG_7705.JPG	0	[10.33213167484276, 10.387290444862114]
	365/IMG_7703.JPG	0	[10.239562139686443, 10.341585660329915]
	365/IMG_7704.JPG	1	[10.282773725305825, 10.356647040502745]
173
	173/img-2011-11-06-1237.JPG	0	[10.241063385823805, 10.26657272799345]
	173/img-2011-11-06-1237-1.JPG	1	[10.259250095616837, 10.253808591648482]
102
	102/img-2011-07-01-1103-7.JPG	0	[10.243321545841656, 10.304512924938985]
	102/img-2011-07-01-1103-6.JPG	1	[10.31339847234249, 10.256314104683495]
326
	326/IMG_6671.JPG	1	[10.157573531549163, 10.290679950403774]
	326/IMG_6670.JPG	0	[10.26612999078976, 10.303373394142339]
224
	224/2017-02-11 20.39.26.jpg	1	[10.196673610053473, 10.302155902479972]
	224/2017-02-11 20.39.22.jpg	1	[10.260336897228516, 10.285869374016253]
	224/2017-02-11 20.39.21.jpg	0	[10.18600209463335, 10.215940232909322]
229
	229/2017-05-13 19.46.09.jpg	0	[10.27397403838962, 10.29970769718057]
	229/2017-05-13 19.46.10.jpg	1	[10.276082418560435, 10.271378401146109]
	229/2017-05-13 19.46.11.jpg	0	[10.271198217218029, 10.248987973964512]
176
	176/img-2011-11-07-0127-3.JPG	0	[10.295862081485774, 10.429997457213402]
	176/img-2011-11-07-0127.JPG	0	[10.297133215298969, 10.430009538519466]
	176/img-2011-11-07-0127-2.JPG	1	[10.346621757226336, 10.369834177496202]
	176/img-2011-11-07-0127-1.JPG	1	[10.271825117054494, 10.305282175942901]
	176/img-2011-11-07-0127-4.JPG	1	[10.271355688547839, 10.293631098111959]
252
	252/2017-12-24 19.21.14.jpg	0	[10.002750018598402, 10.36320291295614]
	252/2017-12-24 19.21.11.jpg	1	[10.256001274073101, 10.418220864015488]
	252/2017-12-24 19.20.56.jpg	0	[10.041170057835446, 10.206496645372209]
180
	180/img-2011-11-11-1710-1.jpg	0	[10.183455149852751, 10.335401235318088]
	180/img-2011-11-11-1710.jpg	1	[10.355454014983858, 10.4032315607295]
	180/img-2011-11-11-1711.jpg	1	[10.208841075077592, 10.2726608724465]
223
	223/2017-02-04 13.28.59.jpg	1	[10.156351787350513, 10.274299972229487]
	223/2017-02-04 13.28.54.jpg	0	[10.16747801831554, 10.266413727528228]
	223/2017-02-04 13.28.52.jpg	0	[10.226271914440101, 10.288031934309803]
346
	346/IMG_4841.JPG	0	[10.218469645069511, 10.32762154469885]
	346/IMG_4842.JPG	1	[10.228283089716422, 10.307705163637015]
255
	255/2017-08-27 15.17.53.jpg	1	[10.20911085839717, 10.292263869747808]
	255/2017-08-27 15.18.01.jpg	0	[10.204899632111275, 10.265831820617763]
	255/2017-08-27 15.17.59.jpg	0	[10.286537364543447, 10.282228074103811]
	255/2017-08-27 15.18.03.jpg	0	[10.27264099514515, 10.267032420750361]
300
	300/IMG_6062.JPG	1	[10.184178097446441, 10.290543586146804]
	300/IMG_6060.JPG	0	[10.220688382310694, 10.294639291826934]
262
	262/2019-01-20 15.36.08.jpg	1	[10.25298656589912, 10.284540098095077]
	262/2019-01-20 15.36.07.jpg	0	[10.244744791228445, 10.277040141447097]
313
	313/IMG_6397.JPG	1	[10.30246722846777, 10.414765527880748]
	313/IMG_6401.JPG	1	[10.241350944335375, 10.361676270547662]
	313/IMG_6399.JPG	0	[10.274352011934218, 10.351100223797879]
272
	272/2019-05-26 17.30.10.jpg	0	[10.276311830558043, 10.363053685564052]
	272/2019-05-26 17.30.11.jpg	0	[10.287448857899914, 10.365015025247528]
	272/2019-05-26 17.30.13.jpg	1	[10.24416501575981, 10.334695189994138]
	272/2019-05-26 17.30.06.jpg	0	[10.209222954632851, 10.310914189809688]
	272/2019-05-26 17.30.11_1.jpg	0	[10.250039449476295, 10.31046811938765]
	272/2019-05-26 17.30.14.jpg	0	[10.219074395773212, 10.272776287010338]
	272/2019-05-26 17.30.15.jpg	0	[10.278406370260276, 10.281848164016456]
248
	248/2017-07-30 09.13.09_1.jpg	0	[10.237277811734373, 10.31868704920131]
	248/2017-07-30 09.13.09.jpg	0	[10.215537216542192, 10.269960805248916]
	248/2017-07-30 09.13.13.jpg	1	[10.251806332595963, 10.257064075703104]
264
	264/2019-05-13 10.38.24_15.jpg	1	[10.24663842135499, 10.340793077239079]
	264/2019-05-13 10.38.24_13.jpg	0	[10.278551854948404, 10.309424250288375]
	264/2019-05-13 10.38.24_12.jpg	0	[10.262031750793644, 10.300937710888608]
	264/2019-05-13 10.38.24_14.jpg	0	[10.275894579033695, 10.302084738699401]
108
	108/img-2011-07-04-1406.JPG	0	[10.169317764909843, 10.278689687579268]
	108/img-2011-07-04-1406-2.JPG	1	[10.28800357591914, 10.282248684660203]
	108/img-2011-07-04-1406-1.JPG	0	[10.318685630075384, 10.27776129317146]
169
	169/img-2011-11-06-1205-5.JPG	1	[10.292966896940062, 10.430828838077387]
	169/img-2011-11-06-1205-4.JPG	0	[10.304375054493692, 10.354627694872157]
	169/img-2011-11-06-1205.JPG	0	[10.254369409182628, 10.318181919109382]
	169/img-2011-11-06-1205-3.JPG	0	[10.290498695559915, 10.318947375823498]
	169/img-2011-11-06-1205-2.JPG	1	[10.209007355113318, 10.271373940096916]
	169/img-2011-11-06-1205-1.JPG	0	[10.280258548320296, 10.264359889651255]
178
	178/img-2011-11-08-1241-5.jpg	0	[10.24110100727986, 10.371430859779132]
	178/img-2011-11-08-1241-6.jpg	1	[10.213488049376943, 10.309563142640046]
256
	256/2018-02-22 11.15.44.jpg	1	[10.236011170500802, 10.308486400154491]
	256/2018-02-22 11.15.45.jpg	0	[10.18735171719155, 10.282049261867034]
	256/2018-02-22 11.15.42.jpg	0	[10.18151005365394, 10.247122365353498]
312
	312/IMG_6391.JPG	1	[10.25409895652252, 10.267812847120352]
	312/IMG_6392.JPG	0	[10.22755617307661, 10.243615465640922]
247
	247/2017-07-21 18.48.56.jpg	1	[10.241038428940072, 10.317717288608657]
	247/2017-07-21 18.48.54.jpg	0	[10.143907765062425, 10.258064696243475]
135
	135/img-2011-08-26-1040-1.JPG	0	[10.298339369151078, 10.340095155038433]
	135/img-2011-08-26-1040.JPG	1	[10.28519148481906, 10.288976102308284]
270
	270/2019-05-14 18.28.59.jpg	1	[10.244290506231957, 10.409608434707312]
	270/2019-05-14 18.29.46.jpg	1	[10.254655478580204, 10.333795106235364]
	270/2019-05-14 18.28.43.jpg	0	[10.319585781803832, 10.321348842834636]
311
	311/IMG_6384.JPG	1	[10.331727385063804, 10.345551540407111]
	311/IMG_6383.JPG	0	[10.311870763828567, 10.337263655647158]
325
	325/IMG_6657.JPG	0	[10.204727677894226, 10.25638949516542]
	325/IMG_6656.JPG	1	[10.210393539451296, 10.227507328687562]
	325/IMG_6655.JPG	0	[10.141026751960789, 10.198204710005813]
130
	130/img-2011-08-16-1427.JPG	1	[10.156977137431811, 10.341029030756852]
	130/img-2011-08-16-1426.JPG	0	[10.216785113678473, 10.320994790607248]
	130/img-2011-08-16-1427-3.JPG	0	[10.34625969718911, 10.343666801811217]
	130/img-2011-08-16-1427-2.JPG	0	[10.227204444734374, 10.278969415432744]
	130/img-2011-08-16-1427-1.JPG	0	[10.281334595491634, 10.23677934669698]
146
	146/img-2011-10-20-1238-1.JPG	1	[10.314857537103563, 10.292067423563307]
	146/img-2011-10-20-1238.JPG	0	[10.207598933577353, 10.243570734154693]
383
	383/IMG_8087.JPG	1	[10.1443007380193, 10.271489369121241]
	383/IMG_8088.JPG	0	[10.127206067537829, 10.19477199841697]
105
	105/img-2011-07-01-1229-1.JPG	0	[10.14325791609105, 10.29842581321074]
	105/img-2011-07-01-1228.JPG	0	[10.295628288406071, 10.332418779787679]
	105/img-2011-07-01-1229.JPG	1	[10.213248262109198, 10.288326996117117]
	105/img-2011-07-01-1229-2.JPG	0	[10.208424055254294, 10.257332667028116]
355
	355/IMG_0006.JPG	1	[10.214674950804158, 10.311148049655099]
	355/IMG_0024.JPG	1	[10.185989361493608, 10.28848955485601]
	355/IMG_0011.JPG	1	[10.289231191076327, 10.311390791675535]
	355/IMG_0018.JPG	0	[10.190032831350639, 10.265660533968594]
	355/IMG_0021.JPG	0	[10.290730010330064, 10.293503675873437]
324
	324/IMG_6651.JPG	1	[10.317342465092073, 10.324853193875123]
	324/IMG_6649.JPG	1	[10.219842228278205, 10.277755163037742]
	324/IMG_6650.JPG	1	[10.253075859233428, 10.26949008890982]
	324/IMG_6652.JPG	0	[10.229590589100107, 10.259924407387606]
155
	155/img-2011-10-24-2141.JPG	0	[10.194198933439118, 10.325361325893827]
	155/img-2011-10-24-2141-1.JPG	1	[10.159649746481982, 10.29514613337881]
	155/img-2011-10-24-2142.JPG	0	[10.309768592464904, 10.344871656676487]
	155/img-2011-10-24-2141-3.JPG	0	[10.265631317183178, 10.288165548252053]
	155/img-2011-10-24-2141-2.JPG	0	[10.278465009744547, 10.291035602147277]
378
	378/IMG_5633.JPG	0	[10.242469067926047, 10.29721552381945]
	378/IMG_5634.JPG	1	[10.332658520065644, 10.316657497504757]
	378/IMG_5632.JPG	0	[10.218477484659454, 10.25260253241504]
267
	267/2019-05-13 10.38.24_69.jpg	1	[10.23950998325924, 10.319700565329622]
	267/2019-05-13 10.38.24_71.jpg	0	[10.158946456952826, 10.258621919163991]
	267/2019-05-13 10.38.24_70.jpg	0	[10.289785442284119, 10.26241056751085]
364
	364/IMG_7548.JPG	0	[10.312271023144474, 10.35354236205248]
	364/IMG_7549.JPG	0	[10.22360030389628, 10.313932296340214]
	364/IMG_7550.JPG	1	[10.212413071223896, 10.30074421033048]
186
	186/img-2011-12-12-2053-1.jpg	0	[10.130901735922137, 10.302872516590144]
	186/img-2011-12-12-2053-2.jpg	1	[10.295130673098418, 10.283967571075502]
148
	148/img-2011-10-21-0957-1.JPG	1	[10.183618098479714, 10.381798619554296]
	148/img-2011-10-21-0957.JPG	0	[10.209229680367853, 10.32233435373336]
	148/img-2011-10-21-0956-1.JPG	0	[10.244149003511826, 10.275893662395035]
	148/img-2011-10-21-0956.JPG	0	[10.387582892903122, 10.314805793940842]
165
	165/img-2011-10-31-1021-2.JPG	1	[10.375554449134423, 10.441991149228063]
	165/img-2011-10-31-1020.JPG	0	[10.227604287678128, 10.352725798146732]
	165/img-2011-10-31-1021.JPG	0	[10.262143268959766, 10.319086139996251]
	165/img-2011-10-31-1020-2.JPG	1	[10.261187147202895, 10.31124581371904]
	165/img-2011-10-31-1021-1.JPG	0	[10.170133989589859, 10.257196976239861]
	165/img-2011-10-31-1020-1.JPG	1	[10.208505517454665, 10.26939248507249]
218
	218/2017-01-15 10.21.56.jpg	1	[10.254954187522419, 10.517314832709086]
	218/2017-01-15 10.21.59.jpg	1	[10.197353722864513, 10.41102682121897]
	218/2017-01-15 10.22.00.jpg	1	[10.16868079407535, 10.308909221114467]
	218/2017-01-15 10.21.57.jpg	0	[10.191248666254857, 10.299311748316143]
144
	144/img-2011-10-20-0047-2.JPG	0	[10.28168187495287, 10.379451422009138]
	144/img-2011-10-20-0047-1.JPG	1	[10.265737965512391, 10.343281949568512]
	144/img-2011-10-20-0047.JPG	0	[10.18839676543382, 10.27524205749801]
112
	112/img-2011-07-08-1236.JPG	1	[10.178559106804983, 10.308884774645646]
	112/img-2011-07-08-1236-1.JPG	0	[10.334563356430033, 10.294995363142526]
345
	345/IMG_4127.JPG	1	[10.243302180595293, 10.384721115319461]
	345/IMG_4128.JPG	1	[10.253102275029105, 10.285985754051545]
	345/IMG_4129.JPG	0	[10.271969209476325, 10.292833152952404]
138
	138/img-2011-10-17-1531-4.jpg	1	[10.254228417557956, 10.339183353954326]
	138/img-2011-10-17-1531-3.jpg	0	[10.352066983579633, 10.375490771171675]
	138/img-2011-10-17-1531-1.jpg	0	[10.254360853017912, 10.318715913031118]
	138/img-2011-10-17-1531-2.jpg	0	[10.2771496234279, 10.30602691628157]
	138/img-2011-10-17-1531.jpg	0	[10.162827272295043, 10.236525323393721]
213
	213/2016-12-23 15.18.14.jpg	0	[10.226914250420272, 10.322720541803125]
	213/2016-12-23 15.18.12.jpg	0	[10.217051700308525, 10.305525611914703]
	213/2016-12-23 15.17.52.jpg	1	[10.274382457135236, 10.32627212878455]
	213/2016-12-23 15.18.18.jpg	0	[10.230269259342705, 10.30806911831441]
	213/2016-12-23 15.18.08.jpg	0	[10.236662211622658, 10.299796116266423]
	213/2016-12-23 15.18.00.jpg	1	[10.352172372954165, 10.328440647891084]
	213/2016-12-23 15.18.01.jpg	0	[10.224162217120393, 10.24513342467028]
259
	259/2019-01-19 16.36.19.jpg	0	[10.215934902285467, 10.335638974419085]
	259/2019-01-19 16.36.14.jpg	0	[10.202034347216115, 10.289826113413264]
	259/2019-01-19 16.36.32.jpg	1	[10.216322117565758, 10.243309051046408]
156
	156/img-2011-10-25-0029-3.JPG	0	[10.26813075867968, 10.537189977280567]
	156/img-2011-10-25-0029-1.JPG	1	[10.115052033920824, 10.249759715730182]
	156/img-2011-10-25-0029-2.JPG	0	[10.033815430204122, 10.213069826024935]
314
	314/IMG_6408.JPG	1	[10.175558568820682, 10.285891647809109]
	314/IMG_6409.JPG	0	[10.20179391681158, 10.233015911471464]
205
	205/2016-10-31 10.45.10.jpg	1	[10.089972672061567, 10.444940672345965]
	205/2016-10-31 10.45.11.jpg	0	[10.184904739166608, 10.436500667737404]
	205/2016-10-31 10.45.12.jpg	0	[10.172498270795426, 10.385564944633884]
	205/2016-10-31 10.44.06.jpg	0	[10.116758783749576, 10.31206232964431]
	205/2016-10-31 10.44.53.jpg	1	[10.153193650698963, 10.321618535911883]
	205/2016-10-31 10.44.25.jpg	0	[10.173246745303109, 10.307849080076048]
	205/2016-10-31 10.44.05.jpg	0	[10.167190246440962, 10.299533081158714]
	205/2016-10-31 10.44.23.jpg	0	[10.167078437179184, 10.275385871199815]
140
	140/img-2011-10-17-1535.jpg	0	[10.151902990985429, 10.303740281227551]
	140/img-2011-10-17-1535-1.jpg	1	[10.216449816976198, 10.287180104631782]
351
	351/IMG_4952.JPG	0	[10.315036161269663, 10.338212745856625]
	351/IMG_4955.JPG	1	[10.326865438276682, 10.321996982216172]
	351/IMG_4951.JPG	0	[10.313746521491126, 10.311696849556595]
113
	113/img-2011-07-08-1243.JPG	0	[10.197874064578937, 10.29220543713853]
	113/img-2011-07-08-1243-1.JPG	1	[10.207034613590146, 10.236195755132375]
382
	382/IMG_8079.JPG	0	[10.389768820458814, 10.524049272333832]
	382/IMG_8080.JPG	0	[10.203943006546996, 10.380103106706844]
	382/IMG_8076.JPG	1	[10.28692303473011, 10.359051379005411]
	382/IMG_8083.JPG	0	[10.165202634699034, 10.285418876202577]
	382/IMG_8074.JPG	1	[10.331820428496579, 10.336668559896628]
	382/IMG_8077.JPG	0	[10.285966991166138, 10.293415202736346]
	382/IMG_8075.JPG	1	[10.450193806726482, 10.353142386560371]
	382/IMG_8081.JPG	0	[10.390854085820497, 10.309395916018834]
	382/IMG_8078.JPG	0	[10.566652102615796, 10.379414449677872]
	382/IMG_8082.JPG	0	[10.472057036545406, 10.333302909054003]
356
	356/IMG_7118.JPG	1	[10.227678137556403, 10.376235992341748]
	356/IMG_7119.JPG	0	[10.279536791507155, 10.330578772327376]
	356/IMG_7122.JPG	0	[10.298919058068591, 10.335295941195014]
	356/IMG_7123.JPG	1	[10.326576197576594, 10.344518963230971]
	356/IMG_7121.JPG	0	[10.316202504732656, 10.316240546177577]
368
	368/IMG_7825.JPG	1	[10.310825281273901, 10.38734172571755]
	368/IMG_7824.JPG	0	[10.319203550374539, 10.317252637183609]
160
	160/img-2011-10-27-0642.jpg	1	[10.09204767475517, 10.391762507191217]
	160/img-2011-10-27-0643.jpg	0	[10.14751276820381, 10.354496598019002]
133
	133/img-2011-08-17-1205.JPG	0	[10.252117775575803, 10.337910243201037]
	133/img-2011-08-17-1204-5.JPG	1	[10.155041619820816, 10.263186322648624]
304
	304/IMG_6142.JPG	1	[10.268078747366003, 10.342559828446019]
	304/IMG_6143.JPG	0	[10.250662433338912, 10.293059076757727]
231
	231/2017-08-17 07.12.58.jpg	1	[10.259382466253376, 10.29529411972918]
	231/2017-08-17 07.12.58_1.jpg	1	[10.258577804895841, 10.293988317113728]
	231/2017-08-17 07.13.00_1.jpg	0	[10.164761682691728, 10.240496653932768]
	231/2017-08-17 07.13.00.jpg	0	[10.213068231208117, 10.246904372144636]
153
	153/img-2011-10-24-1426.jpg	1	[10.184609594039813, 10.32794764095656]
	153/img-2011-10-24-1426-1.jpg	0	[10.333612089601553, 10.224047481427924]
384
	384/IMG_8599.JPG	0	[9.926184780020437, 10.631877948917326]
	384/IMG_8601.JPG	0	[8.793625117799959, 10.150979486275785]
	384/IMG_8597.JPG	1	[9.46024355875249, 10.357579976835304]
	384/IMG_8602.JPG	0	[9.336902571719866, 10.288776809909665]
	384/IMG_8596.JPG	0	[9.389733702242223, 10.304670225877015]
	384/IMG_8595.JPG	0	[9.166610116495194, 10.158602958883979]
	384/IMG_8600.JPG	0	[9.603720389125249, 10.290053773096902]
	384/IMG_8598.JPG	0	[9.163996729570036, 10.084532626525364]
	384/IMG_8594.JPG	0	[9.105202715574169, 9.95310496672968]
	384/IMG_8593.JPG	1	[9.051757759821044, 9.914779607002126]
246
	246/2017-07-19 21.11.58.jpg	0	[10.210669259340095, 10.325982034025083]
	246/2017-07-19 21.12.04.jpg	1	[10.298501981667346, 10.336729511687949]
	246/2017-07-19 21.12.03.jpg	0	[10.296840916578644, 10.32957297742237]
134
	134/img-2011-08-22-2104.JPG	1	[10.271374629512115, 10.483353740342892]
	134/img-2011-08-22-2103.JPG	0	[10.407562997825712, 10.294869070507193]
101
	101/img-2011-07-01-1103-2.JPG	0	[10.261489011750744, 10.409289848862151]
	101/img-2011-07-01-1103-4.JPG	0	[10.236233281913705, 10.361771346808826]
	101/img-2011-07-01-1103-3.JPG	1	[10.182868887824348, 10.334961763794334]
	101/img-2011-07-01-1103-5.JPG	0	[10.24757133181729, 10.335918269314117]
	101/img-2011-07-01-1103-1.JPG	0	[10.244997618169029, 10.302721859421906]
	101/img-2011-07-01-1103.JPG	0	[10.341704474622627, 10.339033779878383]
120
	120/img-2011-07-16-1748.JPG	1	[10.22843600044194, 10.345369947171616]
	120/img-2011-07-16-1747-4.JPG	0	[10.192697147187163, 10.274056911361187]
315
	315/IMG_6461.JPG	0	[10.256113229754387, 10.313471917232173]
	315/IMG_6463.JPG	1	[10.199404635537977, 10.286364397686587]
	315/IMG_6462.JPG	1	[10.247283203333282, 10.282486538632346]
275
	275/2019-06-06 17.57.57.jpg	0	[10.23388596159836, 10.290491266319574]
	275/2019-06-06 17.57.58.jpg	1	[10.202804583765765, 10.25380468154207]
369
	369/IMG_7867.JPG	1	[10.394511432478291, 10.41859305256783]
	369/IMG_7868.JPG	0	[10.354180830415572, 10.396394619179892]
	369/IMG_7869.JPG	0	[10.336007992366381, 10.366503052565813]
185
	185/img-2011-11-23-1727-2.JPG	1	[10.233871051523893, 10.37634307898574]
	185/img-2011-11-23-1727-3.JPG	0	[10.26899745129899, 10.309608143360643]
302
	302/IMG_6120.JPG	0	[10.210050186796073, 10.40198501034419]
	302/IMG_6122.JPG	1	[10.153753824859052, 10.293278318271105]
	302/IMG_6121.JPG	0	[10.194595580636555, 10.304553501029137]
158
	158/img-2011-10-25-1259.jpg	0	[10.236690533021287, 10.336697927622767]
	158/img-2011-10-25-1259-1.jpg	1	[10.215205613212827, 10.301409770275715]
374
	374/IMG_5592.JPG	1	[10.258874912256804, 10.404297947521101]
	374/IMG_5593.JPG	0	[10.329583461816304, 10.33106555520122]
366
	366/IMG_7722.JPG	1	[10.22866610812781, 10.341361904381358]
	366/IMG_7719.JPG	0	[10.257163545137574, 10.33877783699585]
	366/IMG_7721.JPG	1	[10.34444367540436, 10.36247002001401]
	366/IMG_7720.JPG	0	[10.220499151473643, 10.275019086538915]
	366/IMG_7723.JPG	0	[10.265941225984644, 10.289734825474968]
	366/IMG_7718.JPG	0	[10.177424591392292, 10.24941436707655]
167
	167/img-2011-11-04-1245.JPG	0	[10.287009437702812, 10.344994570561939]
	167/img-2011-11-04-1245-1.JPG	1	[10.28972723804187, 10.310958073652882]
249
	249/2017-08-10 11.10.41.jpg	0	[10.213461531124201, 10.302527280483302]
	249/2017-08-10 11.10.49.jpg	1	[10.252506228828539, 10.291700676884295]
100
	100/img-2011-07-01-0955.JPG	1	[10.172878889713823, 10.398059382866535]
	100/img-2011-07-01-0955-1.JPG	0	[9.9622532831943, 10.225385181389074]
122
	122/img-2011-07-24-1211.JPG	1	[10.267576824650384, 10.351553396291576]
	122/img-2011-07-24-1211-1.JPG	0	[10.29213817509909, 10.346548585492885]
363
	363/IMG_7538.JPG	0	[10.1890583367669, 10.28087325718744]
	363/IMG_7540.JPG	1	[10.202181294891211, 10.284880925894283]
	363/IMG_7536.JPG	0	[10.27322733268867, 10.272440075754673]
253
	253/2018-04-21 19.53.23.jpg	0	[10.330089018771435, 10.44767226930354]
	253/2018-04-21 19.53.26.jpg	1	[10.351777710027031, 10.391639595306364]
	253/2018-04-21 19.53.18.jpg	0	[10.310164493465864, 10.34934931972258]
	253/2018-04-21 19.53.28.jpg	0	[10.360036699384692, 10.331512399470396]
343
	343/IMG_0158.JPG	0	[10.251967078541181, 10.286407272631477]
	343/IMG_0161.JPG	1	[10.256578148910437, 10.286373863598882]
	343/IMG_0159.JPG	0	[10.2726194570934, 10.278011510963658]
308
	308/IMG_6267.JPG	1	[10.261689754193903, 10.294352200360803]
	308/IMG_6269.JPG	1	[10.218816447843976, 10.270580400146095]
	308/IMG_6268.JPG	0	[10.235133112427096, 10.27577047935003]
103
	103/img-2011-07-01-1127.JPG	0	[10.230292005202918, 10.25493408172514]
	103/img-2011-07-01-1126.JPG	0	[10.299229446772493, 10.281795242875745]
	103/img-2011-07-01-1126-1.JPG	0	[10.301581133619202, 10.275733691366979]
	103/img-2011-07-01-1127-1.JPG	0	[10.254065102936197, 10.249889916975562]
	103/img-2011-07-01-1126-3.JPG	0	[10.294885006040507, 10.253251665759873]
	103/img-2011-07-01-1126-2.JPG	1	[10.30781328456587, 10.248581123631405]
	103/img-2011-07-01-1126-5.JPG	1	[10.306099679936779, 10.243551723213896]
370
	370/IMG_7883.JPG	0	[10.2688815497936, 10.426940986315758]
	370/IMG_7884.JPG	1	[10.288373247723502, 10.352252205831244]
	370/IMG_7881.JPG	0	[10.240112746333274, 10.296039582530945]
	370/IMG_7882.JPG	0	[10.238425441921486, 10.26516841766183]
200
	200/2016-09-17 15.23.47.jpg	1	[10.253727677016494, 10.408603673174415]
	200/2016-09-17 15.23.56.jpg	0	[10.313914808843538, 10.379175505913334]
	200/2016-09-17 15.24.09.jpg	1	[10.207972264554124, 10.31330086644088]
	200/2016-09-17 15.24.06.jpg	0	[10.25064531481395, 10.32448761181304]
	200/2016-09-17 15.24.05.jpg	0	[10.263425269099713, 10.327913811721418]
	200/2016-09-17 15.24.04.jpg	0	[10.447897477796333, 10.310916411780921]
362
	362/IMG_7498.JPG	0	[10.102662111457615, 10.392141705997695]
	362/IMG_7497.JPG	0	[10.117083433345087, 10.377140122167699]
	362/IMG_7496.JPG	1	[10.190445737364577, 10.392593088864002]
	362/IMG_7494.JPG	0	[10.153112496144963, 10.335160165610738]
	362/IMG_7495.JPG	0	[10.227354014680511, 10.318138065989764]
260
	260/2019-01-19 16.42.07.jpg	1	[10.43934514531387, 10.435141729650276]
	260/2019-01-19 16.42.17.jpg	0	[10.35598372564293, 10.340383746041338]
163
	163/img-2011-10-27-1333.jpg	1	[10.328028968445377, 10.330500042190643]
	163/img-2011-10-27-1333-1.jpg	0	[10.165359496417539, 10.231570608420911]
265
	265/2019-05-13 10.38.24_34.jpg	0	[10.236638361963037, 10.355347315124789]
	265/2019-05-13 10.38.24_35.jpg	1	[10.253872023752402, 10.302319354927272]
162
	162/img-2011-10-27-1232-1.jpg	0	[10.151546386781117, 10.511178220208212]
	162/img-2011-10-27-1232-3.jpg	1	[10.0675453189941, 10.383006772467057]
	162/img-2011-10-27-1232.jpg	0	[10.253779017067775, 10.3719063375084]
	162/img-2011-10-27-1232-2.jpg	1	[10.063764978354312, 10.289306206643685]
107
	107/img-2011-07-01-1631-2.JPG	0	[10.258594538330067, 10.375977655063984]
	107/img-2011-07-01-1631-1.JPG	0	[10.079021656454039, 10.298098225940281]
	107/img-2011-07-01-1630.JPG	0	[10.203253612321108, 10.34709661488532]
	107/img-2011-07-01-1633-1.JPG	0	[10.195596110758357, 10.341592860317169]
	107/img-2011-07-01-1633-2.JPG	0	[10.02938530724158, 10.260306803948101]
	107/img-2011-07-01-1633.JPG	0	[9.898993593174755, 10.206889460898887]
	107/img-2011-07-01-1630-1.JPG	0	[10.148157458005885, 10.304331164327692]
	107/img-2011-07-01-1633-3.JPG	1	[10.09853152940035, 10.270361231786266]
	107/img-2011-07-01-1631.JPG	0	[10.167641222995174, 10.196598315635002]
143
	143/img-2011-10-19-1349.JPG	0	[10.247939856442832, 10.354110488783169]
	143/img-2011-10-19-1350-1.JPG	1	[10.297499595766181, 10.363420670554103]
	143/img-2011-10-19-1349-1.JPG	0	[10.321345564187409, 10.361493301566933]
	143/img-2011-10-19-1350.JPG	0	[10.31826195859513, 10.305981899923667]
219
	219/2017-01-28 20.16.09.jpg	0	[10.367675401810413, 10.468494903225405]
	219/2017-01-28 20.16.22.jpg	1	[10.283136536762088, 10.361656370754686]
	219/2017-01-28 20.16.10.jpg	0	[10.344675996480893, 10.377920546960853]
	219/2017-01-28 20.16.21.jpg	1	[10.24497416026188, 10.311714068514108]
	219/2017-01-28 20.16.20.jpg	0	[10.309536964830148, 10.333677047562198]
	219/2017-01-28 20.16.19.jpg	0	[10.247480873747094, 10.307061682548486]
243
	243/IMG_20190330_181234.jpg	1	[10.230193563738787, 10.370604658476028]
	243/IMG_20190330_181312.jpg	0	[10.13065961733127, 10.312167860998082]
	243/IMG_20190330_181318.jpg	1	[10.298324922812462, 10.366508577705524]
	243/IMG_20190330_181235(1).jpg	0	[10.084266009951971, 10.263295146916864]
	243/IMG_20190330_181235.jpg	1	[10.23950327741361, 10.314654755780166]
	243/IMG_20190330_181236.jpg	0	[10.150000706564592, 10.27230514210668]
	243/IMG_20190330_181238.jpg	0	[10.162792363952562, 10.273944856134449]
	243/IMG_20190330_181301.jpg	0	[10.137150385198442, 10.260419566344222]
	243/IMG_20190330_181241.jpg	0	[10.128734512138365, 10.244586649876746]
	243/IMG_20190330_181306.jpg	1	[10.138271722923589, 10.231840988534897]
373
	373/IMG_5568.JPG	1	[10.388546843402985, 10.40207421193279]
	373/IMG_5567.JPG	0	[10.323559188991618, 10.370206445704907]
	373/IMG_5566.JPG	1	[10.315196291691827, 10.320508642683025]
360
	360/IMG_7403.JPG	0	[10.264493418297727, 10.28969697414108]
	360/IMG_7401.JPG	1	[10.268346602816171, 10.248050740910184]
273
	273/2019-05-26 17.30.36.jpg	0	[10.343647475181099, 10.351350882097991]
	273/2019-05-26 17.30.37.jpg	1	[10.333088984728072, 10.328616438822896]
	273/2019-05-26 17.30.34.jpg	0	[10.368815221690591, 10.336482931772634]
172
	172/img-2011-11-06-1207-1.JPG	0	[10.255954780490827, 10.319864294904718]
	172/img-2011-11-06-1207.JPG	0	[10.295192922643709, 10.295229584589821]
	172/img-2011-11-06-1207-2.JPG	1	[10.310695050969262, 10.29975607752913]
228
	228/2017-04-28 14.20.49.jpg	0	[10.291108480495394, 10.356697367013586]
	228/2017-04-28 14.20.47.jpg	1	[10.30286711259279, 10.359348288260126]
	228/2017-04-28 14.20.48.jpg	0	[10.295289631012125, 10.341372981522419]
	228/2017-04-28 14.20.46.jpg	1	[10.25646136320048, 10.313184239274785]
	228/2017-04-28 14.20.39.jpg	0	[10.320582696004069, 10.316545904992816]
	228/2017-04-28 14.20.44_1.jpg	0	[10.322345634446304, 10.307761285730624]
250
	250/2017-08-31 19.42.51.jpg	1	[10.177804651275798, 10.255880738276062]
	250/2017-08-31 19.42.50.jpg	0	[10.192249524929125, 10.25060739116614]
251
	251/2017-11-26 15.00.30.jpg	1	[10.240274420875826, 10.313114817716409]
	251/2017-11-26 15.00.23.jpg	0	[10.28342551546085, 10.319981401583641]
	251/2017-11-26 15.00.31.jpg	0	[10.26961854220698, 10.302875296221995]
	251/2017-11-26 15.00.20.jpg	0	[10.307444680061083, 10.281982972428418]
	251/2017-11-26 15.00.36.jpg	0	[10.330644401251899, 10.27986761356841]
125
	125/img-2011-07-24-1343.JPG	0	[10.294602648425283, 10.393523349710037]
	125/img-2011-07-24-1343-1.JPG	1	[10.296688651220633, 10.367212456420912]
170
	170/img-2011-11-06-1205-6.JPG	0	[10.266340674967502, 10.372876001536659]
	170/img-2011-11-06-1205-7.JPG	0	[10.260788612917839, 10.336245212083101]
	170/img-2011-11-06-1206-1.JPG	1	[10.236992747277517, 10.293607171785705]
328
	328/IMG_6694.JPG	1	[10.313245341791324, 10.38588260378854]
	328/IMG_6692.JPG	0	[10.28413067843049, 10.337549001327089]
	328/IMG_6693.JPG	1	[10.29488352386852, 10.297237773069629]
271
	271/2019-05-16 20.47.29.jpg	1	[10.262604941274123, 10.346150000429063]
	271/2019-05-16 20.47.26.jpg	0	[10.24061974020978, 10.310530892606357]
	271/2019-05-16 20.47.30.jpg	1	[10.2766652189541, 10.29648683430578]
	271/2019-05-16 20.47.28.jpg	0	[10.251933962105829, 10.272807510051138]
372
	372/IMG_7993.JPG	0	[10.23824436336831, 10.28726139338388]
	372/IMG_7991.JPG	1	[10.261877481999402, 10.287960116098812]
	372/IMG_7992.JPG	0	[10.22462000805321, 10.249986588933362]
245
	245/IMG_20190511_111727.jpg	0	[10.181649054943279, 10.294968101867779]
	245/IMG_20190511_111651.jpg	0	[10.221826679298623, 10.310599220542755]
	245/IMG_20190511_111714.jpg	0	[10.19805810432168, 10.274051336503174]
	245/IMG_20190511_111650.jpg	0	[10.333038407905867, 10.320135136770368]
	245/IMG_20190511_111712.jpg	1	[10.204085066814233, 10.264548496083291]
	245/IMG_20190511_111728.jpg	0	[10.219148680582908, 10.265871991665728]
	245/IMG_20190511_111729.jpg	1	[10.222763719821028, 10.258444370456933]
233
	233/202_Bad.jpg	0	[10.315556483603114, 10.34349071292178]
	233/201_Good.jpg	1	[10.250216598083046, 10.280223639372501]
119
	119/img-2011-07-16-1747-3.JPG	1	[10.142843089103557, 10.310606442168114]
	119/img-2011-07-16-1747-2.JPG	0	[10.240743411616101, 10.269588249547752]
215
	215/2017-01-02 10.11.55.jpg	0	[10.282656495145988, 10.354396476519618]
	215/2017-01-02 10.11.45.jpg	0	[10.305324578131662, 10.335298157924449]
	215/2017-01-02 10.11.57.jpg	1	[10.343423982305588, 10.288893157058281]
	215/2017-01-02 10.11.51.jpg	1	[10.175382744716035, 10.207079129269696]
	215/2017-01-02 10.11.48.jpg	0	[10.268076518303815, 10.241060984844681]
139
	139/img-2011-10-17-1533.jpg	0	[10.273918343666365, 10.30580294406251]
	139/img-2011-10-17-1533-1.jpg	1	[10.272666989285398, 10.298896319309872]
106
	106/img-2011-07-01-1629-3.JPG	0	[10.267620664918057, 10.303468452504697]
	106/img-2011-07-01-1629-2.JPG	0	[10.15878386360308, 10.247412456816466]
	106/img-2011-07-01-1629-1.JPG	1	[10.175220414007395, 10.23437146722645]
	106/img-2011-07-01-1629.JPG	0	[10.234589692404626, 10.251199660680589]
269
	269/2019-05-13 10.38.44_61.jpg	0	[10.278937082519121, 10.304688012404412]
	269/2019-05-13 10.38.44_63.jpg	1	[10.281329030020153, 10.29850868168375]
	269/2019-05-13 10.38.44_62.jpg	0	[10.287737715467191, 10.282639720362099]
332
	332/IMG_6820.JPG	1	[10.204319088099794, 10.277708350986966]
	332/IMG_6818.JPG	0	[10.200962649527288, 10.245926140390637]
	332/IMG_6819.JPG	0	[10.204846924713566, 10.233181027989923]
232
	232/101_Bad.jpg	0	[10.347828409642776, 10.436019351666506]
	232/104_Good.jpg	0	[10.25547830211142, 10.31741918131903]
	232/102_Good.jpg	1	[10.280574324183382, 10.308865328549505]
	232/103_Bad.jpg	1	[10.293283394740165, 10.312447236157562]
118
	118/img-2011-07-16-1747-1.JPG	1	[10.260128692355249, 10.285427786115742]
	118/img-2011-07-16-1747.JPG	0	[10.235737251299328, 10.257993784943306]
331
	331/IMG_6816.JPG	0	[10.279326377795872, 10.315166721764635]
	331/IMG_6817.JPG	1	[10.272676644235021, 10.275947728695096]
174
	174/img-2011-11-06-1237-2.JPG	0	[10.19185615502719, 10.339853086891729]
	174/img-2011-11-06-1237-5.JPG	0	[10.177216189612816, 10.311914028495634]
	174/img-2011-11-06-1237-4.JPG	1	[10.233538923983795, 10.31194291128359]
	174/img-2011-11-06-1237-3.JPG	1	[10.233113591157446, 10.311054728547543]
	174/img-2011-11-06-1237-6.JPG	0	[10.174243375872447, 10.27232298467422]
	174/img-2011-11-06-1237-8.JPG	0	[10.264608254443395, 10.261144118909561]
	174/img-2011-11-06-1237-7.JPG	0	[10.230319971355177, 10.222387436994524]
