100
	100/img-2011-07-01-0955-1.JPG	0	[32.0, 15.0, 42.0]
	100/img-2011-07-01-0955.JPG	1	[39.0, 17.0, 62.0]
140
	140/img-2011-10-17-1535.jpg	0	[34.0, 18.0, 58.0]
	140/img-2011-10-17-1535-1.jpg	1	[36.0, 22.0, 60.0]
122
	122/img-2011-07-24-1211.JPG	1	[41.0, 20.0, 64.0]
	122/img-2011-07-24-1211-1.JPG	0	[35.0, 18.0, 56.0]
159
	159/img-2011-10-27-0444-2.JPG	0	[33.0, 12.0, 56.0]
	159/img-2011-10-27-0444.JPG	1	[22.0, 9.0, 38.0]
	159/img-2011-10-27-0444-1.JPG	0	[14.0, 5.0, 31.0]
129
	129/img-2011-07-30-1329-1.JPG	1	[62.0, 35.0, 98.0]
	129/img-2011-07-30-1329-2.JPG	0	[47.0, 25.0, 73.0]
103
	103/img-2011-07-01-1126-5.JPG	1	[25.0, 16.0, 36.0]
	103/img-2011-07-01-1126-3.JPG	0	[36.0, 27.0, 53.0]
	103/img-2011-07-01-1126-2.JPG	1	[25.0, 16.0, 36.0]
	103/img-2011-07-01-1126-1.JPG	0	[27.0, 20.0, 41.0]
	103/img-2011-07-01-1126.JPG	0	[19.0, 12.0, 30.0]
	103/img-2011-07-01-1127-1.JPG	0	[80.0, 81.0, 120.0]
	103/img-2011-07-01-1127.JPG	0	[61.0, 59.0, 99.0]
176
	176/img-2011-11-07-0127-2.JPG	1	[52.0, 31.0, 63.0]
	176/img-2011-11-07-0127-1.JPG	1	[29.0, 11.0, 45.0]
	176/img-2011-11-07-0127-4.JPG	1	[29.0, 11.0, 45.0]
	176/img-2011-11-07-0127-3.JPG	0	[26.0, 9.0, 48.0]
	176/img-2011-11-07-0127.JPG	0	[26.0, 9.0, 48.0]
138
	138/img-2011-10-17-1531-4.jpg	1	[39.0, 25.0, 60.0]
	138/img-2011-10-17-1531-3.jpg	0	[43.0, 30.0, 67.0]
	138/img-2011-10-17-1531-1.jpg	0	[44.0, 27.0, 74.0]
	138/img-2011-10-17-1531.jpg	0	[40.0, 25.0, 66.0]
	138/img-2011-10-17-1531-2.jpg	0	[45.0, 30.0, 75.0]
109
	109/img-2011-07-04-1516-5.JPG	0	[97.0, 88.0, 127.0]
	109/img-2011-07-04-1516-3.JPG	0	[59.0, 39.0, 89.0]
	109/img-2011-07-04-1516.JPG	0	[57.0, 37.0, 86.0]
	109/img-2011-07-04-1516-4.JPG	1	[78.0, 66.0, 111.0]
	109/img-2011-07-04-1516-2.JPG	0	[44.0, 25.0, 71.0]
	109/img-2011-07-04-1516-1.JPG	1	[47.0, 31.0, 76.0]
171
	171/img-2011-11-06-1206-4.JPG	0	[22.0, 8.0, 35.0]
	171/img-2011-11-06-1206-3.JPG	1	[20.0, 9.0, 35.0]
102
	102/img-2011-07-01-1103-6.JPG	1	[38.0, 18.0, 66.0]
	102/img-2011-07-01-1103-7.JPG	0	[45.0, 25.0, 79.0]
107
	107/img-2011-07-01-1631-2.JPG	0	[28.0, 8.0, 45.0]
	107/img-2011-07-01-1633-1.JPG	0	[35.0, 15.0, 57.0]
	107/img-2011-07-01-1630.JPG	0	[34.0, 14.0, 56.0]
	107/img-2011-07-01-1633.JPG	0	[30.0, 9.0, 51.0]
	107/img-2011-07-01-1633-2.JPG	0	[33.0, 12.0, 56.0]
	107/img-2011-07-01-1631.JPG	0	[28.0, 10.0, 47.0]
	107/img-2011-07-01-1630-1.JPG	0	[25.0, 8.0, 42.0]
	107/img-2011-07-01-1633-3.JPG	1	[28.0, 10.0, 50.0]
	107/img-2011-07-01-1631-1.JPG	0	[14.0, 7.0, 27.0]
143
	143/img-2011-10-19-1350-1.JPG	1	[34.0, 14.0, 54.0]
	143/img-2011-10-19-1349.JPG	0	[32.0, 12.0, 51.0]
	143/img-2011-10-19-1349-1.JPG	0	[36.0, 15.0, 59.0]
	143/img-2011-10-19-1350.JPG	0	[33.0, 14.0, 56.0]
134
	134/img-2011-08-22-2103.JPG	0	[39.0, 19.0, 64.0]
	134/img-2011-08-22-2104.JPG	1	[35.0, 18.0, 58.0]
158
	158/img-2011-10-25-1259-1.jpg	1	[69.0, 48.0, 99.0]
	158/img-2011-10-25-1259.jpg	0	[74.0, 59.0, 109.0]
188
	188/img-2011-12-17-1759-2.JPG	1	[35.0, 9.0, 52.0]
	188/img-2011-12-17-1759.JPG	0	[33.0, 11.0, 54.0]
	188/img-2011-12-17-1759-1.JPG	0	[31.0, 10.0, 56.0]
104
	104/img-2011-07-01-1224-2.JPG	0	[62.0, 38.0, 93.0]
	104/img-2011-07-01-1224-1.JPG	0	[61.0, 38.0, 91.0]
	104/img-2011-07-01-1224-3.JPG	1	[60.0, 40.0, 91.0]
112
	112/img-2011-07-08-1236.JPG	1	[58.0, 32.0, 88.0]
	112/img-2011-07-08-1236-1.JPG	0	[60.0, 38.0, 96.0]
142
	142/img-2011-10-18-0212-2.JPG	1	[42.0, 15.0, 51.0]
	142/img-2011-10-18-0212.JPG	0	[45.0, 17.0, 59.0]
	142/img-2011-10-18-0212-1.JPG	0	[32.0, 11.0, 44.0]
116
	116/img-2011-07-16-1749-2.JPG	0	[42.0, 17.0, 65.0]
	116/img-2011-07-16-1749-1.JPG	1	[43.0, 21.0, 66.0]
165
	165/img-2011-10-31-1021-1.JPG	0	[37.0, 15.0, 56.0]
	165/img-2011-10-31-1021-2.JPG	1	[31.0, 15.0, 49.0]
	165/img-2011-10-31-1020-1.JPG	1	[34.0, 22.0, 51.0]
	165/img-2011-10-31-1020.JPG	0	[34.0, 18.0, 56.0]
	165/img-2011-10-31-1020-2.JPG	1	[27.0, 16.0, 40.0]
	165/img-2011-10-31-1021.JPG	0	[20.0, 9.0, 31.0]
168
	168/img-2011-11-06-1050-1.JPG	0	[55.0, 34.0, 74.0]
	168/img-2011-11-06-1050-2.JPG	1	[52.0, 34.0, 71.0]
166
	166/img-2011-11-13-0807-1.JPG	0	[45.0, 11.0, 59.0]
	166/img-2011-11-26-2031.JPG	1	[45.0, 15.0, 68.0]
125
	125/img-2011-07-24-1343-1.JPG	1	[72.0, 41.0, 109.0]
	125/img-2011-07-24-1343.JPG	0	[73.0, 42.0, 111.0]
170
	170/img-2011-11-06-1206-1.JPG	1	[39.0, 15.0, 59.0]
	170/img-2011-11-06-1205-7.JPG	0	[27.0, 8.0, 38.0]
	170/img-2011-11-06-1205-6.JPG	0	[28.0, 9.0, 40.0]
147
	147/img-2011-10-21-0910.JPG	0	[54.0, 23.0, 83.0]
	147/img-2011-10-21-0910-1.JPG	1	[55.0, 22.0, 90.0]
128
	128/img-2011-07-28-1009-3.JPG	0	[24.0, 8.0, 40.0]
	128/img-2011-07-28-1009.JPG	0	[27.0, 9.0, 47.0]
	128/img-2011-07-28-1009-1.JPG	0	[26.0, 9.0, 45.0]
	128/img-2011-07-28-1010-1.JPG	1	[26.0, 10.0, 46.0]
	128/img-2011-07-28-1009-2.JPG	1	[24.0, 8.0, 44.0]
	128/img-2011-07-28-1010.JPG	0	[22.0, 9.0, 40.0]
	128/img-2011-07-28-1010-2.JPG	0	[20.0, 9.0, 35.0]
108
	108/img-2011-07-04-1406.JPG	0	[87.0, 71.0, 127.0]
	108/img-2011-07-04-1406-2.JPG	1	[83.0, 65.0, 125.0]
	108/img-2011-07-04-1406-1.JPG	0	[75.0, 53.0, 120.0]
119
	119/img-2011-07-16-1747-3.JPG	1	[27.0, 9.0, 49.0]
	119/img-2011-07-16-1747-2.JPG	0	[35.0, 30.0, 57.0]
139
	139/img-2011-10-17-1533.jpg	0	[50.0, 20.0, 59.0]
	139/img-2011-10-17-1533-1.jpg	1	[55.0, 25.0, 73.0]
183
	183/img-2011-11-21-1331-3.JPG	1	[26.0, 8.0, 41.0]
	183/img-2011-11-21-1331-1.JPG	1	[22.0, 6.0, 33.0]
	183/img-2011-11-21-1331.JPG	0	[22.0, 7.0, 35.0]
	183/img-2011-11-21-1331-2.JPG	0	[20.0, 6.0, 32.0]
	183/img-2011-11-21-1332.JPG	1	[20.0, 7.0, 35.0]
	183/img-2011-11-21-1332-1.JPG	0	[8.0, 5.0, 19.0]
106
	106/img-2011-07-01-1629-1.JPG	1	[35.0, 14.0, 52.0]
	106/img-2011-07-01-1629.JPG	0	[31.0, 11.0, 46.0]
	106/img-2011-07-01-1629-2.JPG	0	[30.0, 12.0, 45.0]
	106/img-2011-07-01-1629-3.JPG	0	[28.0, 12.0, 45.0]
149
	149/img-2011-10-23-0730-1.JPG	0	[36.0, 13.0, 42.0]
	149/img-2011-10-23-0730.JPG	1	[32.0, 11.0, 39.0]
118
	118/img-2011-07-16-1747.JPG	0	[46.0, 27.0, 73.0]
	118/img-2011-07-16-1747-1.JPG	1	[37.0, 23.0, 59.0]
148
	148/img-2011-10-21-0957.JPG	0	[39.0, 17.0, 55.0]
	148/img-2011-10-21-0956-1.JPG	0	[38.0, 19.0, 52.0]
	148/img-2011-10-21-0957-1.JPG	1	[40.0, 20.0, 57.0]
	148/img-2011-10-21-0956.JPG	0	[36.0, 14.0, 53.0]
174
	174/img-2011-11-06-1237-3.JPG	1	[30.0, 11.0, 53.0]
	174/img-2011-11-06-1237-4.JPG	1	[30.0, 11.0, 53.0]
	174/img-2011-11-06-1237-8.JPG	0	[27.0, 9.0, 48.0]
	174/img-2011-11-06-1237-2.JPG	0	[29.0, 11.0, 53.0]
	174/img-2011-11-06-1237-5.JPG	0	[31.0, 12.0, 58.0]
	174/img-2011-11-06-1237-7.JPG	0	[25.0, 9.0, 46.0]
	174/img-2011-11-06-1237-6.JPG	0	[19.0, 7.0, 38.0]
