274
	274/2019-05-29 17.44.40.jpg	0	[0.56645346, 0.2550337, 0.7372549027204514]
	274/2019-05-29 17.44.41.jpg	1	[0.4739311, 0.2541814, 0.7058823555707932]
	274/2019-05-29 17.44.42.jpg	0	[0.47309154, 0.25309345, 0.674509808421135]
129
	129/img-2011-07-30-1329-2.JPG	0	[0.63775796, 0.2887764, 0.8117647022008896]
	129/img-2011-07-30-1329-1.JPG	1	[0.6305851, 0.30650315, 0.8509803861379623]
303
	303/IMG_6123.JPG	0	[0.57737416, 0.27207634, 0.7411764711141586]
	303/IMG_6127.JPG	1	[0.5679797, 0.2750472, 0.7450980395078659]
137
	137/img-2011-09-18-1513.JPG	1	[0.4905425, 0.3033836, 0.8862745091319084]
	137/img-2011-09-18-1513-1.JPG	0	[0.4890619, 0.2946517, 0.8313725516200066]
344
	344/IMG_20190501_200320.jpg	0	[0.45140335, 0.2842021, 0.7921568676829338]
	344/IMG_20190501_200322_1.jpg	1	[0.4384043, 0.3281918, 0.894117645919323]
	344/IMG_20190501_200323.jpg	0	[0.44974232, 0.34204563, 0.8980392143130302]
	344/IMG_20190501_200326.jpg	0	[0.42852727, 0.35303855, 0.9215686246752739]
	344/IMG_20190501_200324.jpg	0	[0.43653968, 0.35012805, 0.9019607827067375]
131
	131/img-2011-08-17-1150.JPG	1	[0.6117665, 0.25672975, 0.7529411762952805]
	131/img-2011-08-17-1149.JPG	0	[0.64425987, 0.22748826, 0.6627450883388519]
	131/img-2011-08-17-1149-1.JPG	0	[0.5890948, 0.26661432, 0.717647060751915]
109
	109/img-2011-07-04-1516-4.JPG	1	[0.6643798, 0.2621815, 0.7333333194255829]
	109/img-2011-07-04-1516.JPG	0	[0.60101146, 0.3014235, 0.8392156809568405]
	109/img-2011-07-04-1516-5.JPG	0	[0.46193528, 0.2843158, 0.7803921550512314]
	109/img-2011-07-04-1516-3.JPG	0	[0.7177462, 0.2574679, 0.6823529303073883]
	109/img-2011-07-04-1516-1.JPG	1	[0.6349633, 0.2901748, 0.7725490182638168]
	109/img-2011-07-04-1516-2.JPG	0	[0.64066535, 0.28648278, 0.7568627446889877]
220
	220/2017-01-28 20.17.01.jpg	0	[0.5385633, 0.20938861, 0.6156862825155258]
	220/2017-01-28 20.17.02.jpg	0	[0.5554369, 0.2557462, 0.7490196153521538]
	220/2017-01-28 20.16.58.jpg	1	[0.5104709, 0.21982716, 0.6392156928777695]
	220/2017-01-28 20.16.55.jpg	0	[0.5224256, 0.23464023, 0.6784313768148422]
	220/2017-01-28 20.17.07.jpg	0	[0.5907594, 0.2520446, 0.7294117659330368]
	220/2017-01-28 20.17.17.jpg	0	[0.5095948, 0.24268948, 0.6941176503896713]
	220/2017-01-28 20.16.57.jpg	0	[0.5884191, 0.194798, 0.5058823525905609]
	220/2017-01-28 20.17.18.jpg	0	[0.5803179, 0.20339216, 0.5254901945590973]
	220/2017-01-28 20.17.32.jpg	0	[0.70260715, 0.25691682, 0.6509803831577301]
145
	145/img-2011-10-20-1237-1.JPG	0	[0.44063482, 0.20895715, 0.5882353037595749]
	145/img-2011-10-20-1237.JPG	0	[0.47487313, 0.22778043, 0.6313725560903549]
	145/img-2011-10-20-1237-2.JPG	1	[0.47806206, 0.23524597, 0.6431372612714767]
	145/img-2011-10-20-1237-3.JPG	0	[0.46800226, 0.23749891, 0.6392157003283501]
104
	104/img-2011-07-01-1224-2.JPG	0	[0.58681285, 0.3106679, 0.9058823511004448]
	104/img-2011-07-01-1224-3.JPG	1	[0.5689383, 0.30746883, 0.8901960775256157]
	104/img-2011-07-01-1224-1.JPG	0	[0.5283582, 0.31221396, 0.8784313760697842]
377
	377/IMG_5615.JPG	0	[0.48179626, 0.2739009, 0.7450980395078659]
	377/IMG_5614.JPG	1	[0.46169475, 0.26969972, 0.7254901975393295]
336
	336/IMG_6893.JPG	0	[0.5355454, 0.20417699, 0.5568627417087555]
	336/IMG_6892.JPG	1	[0.6081468, 0.2193512, 0.5960784256458282]
354
	354/IMG_0017.JPG	0	[0.2225038, 0.21072964, 0.505882378667593]
	354/IMG_0015.JPG	1	[0.2157527, 0.20568962, 0.4745098315179348]
159
	159/img-2011-10-27-0444-2.JPG	0	[0.4426251, 0.26593268, 0.7215686365962029]
	159/img-2011-10-27-0444.JPG	1	[0.37772164, 0.3052247, 0.7647058889269829]
	159/img-2011-10-27-0444-1.JPG	0	[0.36533633, 0.35299027, 0.8705882392823696]
222
	222/2017-01-31 20.11.51_1.jpg	0	[0.596184, 0.25037357, 0.7137254774570465]
	222/2017-01-31 20.11.49.jpg	1	[0.56601346, 0.24770594, 0.6588235199451447]
	222/2017-01-31 20.11.51.jpg	1	[0.5940893, 0.25047085, 0.6549019515514374]
225
	225/2017-02-11 20.46.13.jpg	0	[0.54457814, 0.27630773, 0.8274509757757187]
	225/2017-02-11 20.46.12.jpg	1	[0.5583155, 0.27789325, 0.8274509757757187]
	225/2017-02-11 20.45.48.jpg	1	[0.54681355, 0.2857227, 0.831372544169426]
	225/2017-02-11 20.45.48_1.jpg	0	[0.5413955, 0.28751206, 0.8352941125631332]
	225/2017-02-11 20.45.36.jpg	0	[0.5346084, 0.31446576, 0.8549019545316696]
254
	254/2018-05-28 08.47.20.jpg	1	[0.69099784, 0.19143118, 0.5294117629528046]
	254/2018-05-28 08.47.18.jpg	0	[0.64361286, 0.1692091, 0.43529412150382996]
333
	333/IMG_6835.JPG	0	[0.5253463, 0.2728271, 0.7882352992892265]
	333/IMG_6834.JPG	0	[0.543208, 0.27583647, 0.7960784360766411]
	333/IMG_6836.JPG	0	[0.5236572, 0.2684008, 0.7725490257143974]
	333/IMG_6837.JPG	1	[0.5143573, 0.2673036, 0.7647058889269829]
	333/IMG_6833.JPG	0	[0.5509159, 0.27297258, 0.760784313082695]
339
	339/IMG_6950.JPG	1	[0.39589846, 0.27083492, 0.737254910171032]
	339/IMG_6951.JPG	0	[0.38747674, 0.25895134, 0.6980392262339592]
367
	367/IMG_7823.JPG	0	[0.5128748, 0.2896954, 0.8784313723444939]
	367/IMG_7822.JPG	1	[0.5269465, 0.29092965, 0.8666666597127914]
	367/IMG_7821.JPG	0	[0.4944038, 0.28259876, 0.8274509832262993]
371
	371/IMG_7980.JPG	1	[0.52027225, 0.24726123, 0.674509808421135]
	371/IMG_7981.JPG	0	[0.5374594, 0.25375786, 0.690196081995964]
	371/IMG_7982.JPG	0	[0.5418259, 0.25477618, 0.690196081995964]
175
	175/img-2011-11-06-1240-3.JPG	1	[0.50214577, 0.24910025, 0.7215686291456223]
	175/img-2011-11-06-1240-2.JPG	0	[0.49491546, 0.23864505, 0.690196081995964]
	175/img-2011-11-06-1240.JPG	0	[0.4659858, 0.24537285, 0.6588235422968864]
	175/img-2011-11-06-1240-1.JPG	0	[0.47523746, 0.22865283, 0.603921577334404]
335
	335/IMG_6863.JPG	1	[0.31654084, 0.17629372, 0.41960786283016205]
	335/IMG_6861.JPG	0	[0.3248871, 0.1813715, 0.4313725680112839]
	335/IMG_6862.JPG	1	[0.31622297, 0.18036692, 0.4235294312238693]
	335/IMG_6865.JPG	0	[0.33911118, 0.17910387, 0.41960786283016205]
	335/IMG_6864.JPG	0	[0.32328132, 0.17529029, 0.40000002086162567]
268
	268/2019-05-13 10.38.24_80.jpg	1	[0.38280904, 0.26299462, 0.7019607946276665]
	268/2019-05-13 10.38.24_77.jpg	0	[0.2690044, 0.2598103, 0.6470588408410549]
	268/2019-05-13 10.38.24_78.jpg	0	[0.23749903, 0.24888128, 0.5960784517228603]
	268/2019-05-13 10.38.24_79.jpg	0	[0.18001333, 0.22299704, 0.47843137197196484]
350
	350/IMG_4913.JPG	1	[0.68335617, 0.18774793, 0.5098039209842682]
	350/IMG_4912.JPG	0	[0.6668984, 0.18850164, 0.49803921580314636]
320
	320/IMG_6559.JPG	0	[0.49756062, 0.29103264, 0.7921568676829338]
	320/IMG_6558.JPG	1	[0.46700257, 0.27634603, 0.7450980469584465]
242
	242/IMG_1393.JPG	1	[0.66528624, 0.33485565, 0.8274509757757187]
	242/IMG_1394.JPG	0	[0.6824276, 0.3266035, 0.7882352918386459]
258
	258/2019-01-02 21.03.02.jpg	0	[0.49978226, 0.23357365, 0.6627451032400131]
	258/2019-01-02 21.02.52.jpg	0	[0.40718812, 0.21130255, 0.5882353112101555]
	258/2019-01-02 21.03.00.jpg	0	[0.50712645, 0.23316626, 0.6549019664525986]
	258/2019-01-02 21.02.56.jpg	1	[0.504134, 0.23149247, 0.6431372612714767]
	258/2019-01-02 21.03.07.jpg	0	[0.4818973, 0.246496, 0.6784313768148422]
319
	319/IMG_6552.JPG	0	[0.43715382, 0.19181702, 0.4549019783735275]
	319/IMG_6551.JPG	1	[0.41333377, 0.19316398, 0.45098040997982025]
	319/IMG_6550.JPG	0	[0.40741593, 0.23478657, 0.5568627566099167]
234
	234/301_Bad.jpg	0	[0.4785684, 0.27910975, 0.780392162501812]
	234/302_Good.jpg	1	[0.50834703, 0.27556032, 0.760784313082695]
	234/303_Bad.jpg	0	[0.48281848, 0.2778165, 0.7607843205332756]
201
	201/2016-09-19 17.35.28.jpg	1	[0.5336864, 0.2166612, 0.6000000089406967]
	201/2016-09-19 17.35.29.jpg	0	[0.53376454, 0.21293537, 0.5803921669721603]
166
	166/img-2011-11-26-2031.JPG	1	[0.41839483, 0.26269245, 0.7137254998087883]
	166/img-2011-11-13-0807-1.JPG	0	[0.47936448, 0.29788697, 0.7333333417773247]
385
	385/IMG_8607.JPG	0	[0.44505337, 0.273769, 0.752941183745861]
	385/IMG_8611.JPG	1	[0.50338405, 0.2843017, 0.780392162501812]
	385/IMG_8609.JPG	0	[0.44958922, 0.27385265, 0.7450980469584465]
	385/IMG_8610.JPG	0	[0.49312893, 0.28907612, 0.7725490257143974]
266
	266/2019-05-13 10.38.24_56.jpg	0	[0.6368791, 0.22100525, 0.5764705836772919]
	266/2019-05-13 10.38.24_54.jpg	1	[0.6440085, 0.22154441, 0.5725490152835846]
	266/2019-05-13 10.38.24_55.jpg	0	[0.6464885, 0.22320278, 0.5764705836772919]
214
	214/2016-12-31 20.26.09.jpg	0	[0.6542466, 0.2187646, 0.592156857252121]
	214/2016-12-31 20.25.48.jpg	0	[0.65823853, 0.21819802, 0.5870588183402901]
	214/2016-12-31 20.26.06.jpg	0	[0.6357347, 0.20483561, 0.5411764681339264]
	214/2016-12-31 20.26.10.jpg	0	[0.6315449, 0.20246534, 0.5294117629528046]
	214/2016-12-31 20.25.55.jpg	1	[0.67111826, 0.20760678, 0.5333333313465118]
	214/2016-12-31 20.25.58.jpg	1	[0.6563529, 0.20730978, 0.5294117629528046]
	214/2016-12-31 20.25.57.jpg	1	[0.66361374, 0.20866309, 0.5254901945590973]
365
	365/IMG_7703.JPG	0	[0.44377527, 0.31009534, 0.8392156884074211]
	365/IMG_7705.JPG	0	[0.46036747, 0.3125262, 0.823529414832592]
	365/IMG_7704.JPG	1	[0.43363354, 0.31917852, 0.8156862817704678]
173
	173/img-2011-11-06-1237-1.JPG	1	[0.5455908, 0.2567814, 0.760784313082695]
	173/img-2011-11-06-1237.JPG	0	[0.5010761, 0.25597715, 0.7294117733836174]
102
	102/img-2011-07-01-1103-6.JPG	1	[0.66811305, 0.25249857, 0.6705882400274277]
	102/img-2011-07-01-1103-7.JPG	0	[0.71786237, 0.25280568, 0.6666666567325592]
326
	326/IMG_6671.JPG	1	[0.512914, 0.2789816, 0.7607843205332756]
	326/IMG_6670.JPG	0	[0.484521, 0.2883221, 0.7843137308955193]
224
	224/2017-02-11 20.39.22.jpg	1	[0.4975225, 0.253889, 0.7098039239645004]
	224/2017-02-11 20.39.21.jpg	0	[0.52748233, 0.26421097, 0.7372549027204514]
	224/2017-02-11 20.39.26.jpg	1	[0.45926416, 0.22272158, 0.5529411882162094]
229
	229/2017-05-13 19.46.09.jpg	0	[0.51446724, 0.20582324, 0.5686274468898773]
	229/2017-05-13 19.46.10.jpg	1	[0.50785804, 0.2065662, 0.5686274468898773]
	229/2017-05-13 19.46.11.jpg	0	[0.49437386, 0.20066446, 0.5411764681339264]
176
	176/img-2011-11-07-0127-2.JPG	1	[0.48679817, 0.3405891, 0.9607843142002821]
	176/img-2011-11-07-0127.JPG	0	[0.4997916, 0.349121, 0.9686274509876966]
	176/img-2011-11-07-0127-3.JPG	0	[0.49982664, 0.3491238, 0.9686274509876966]
	176/img-2011-11-07-0127-4.JPG	1	[0.5322585, 0.34828547, 0.960784312337637]
	176/img-2011-11-07-0127-1.JPG	1	[0.53222126, 0.34828082, 0.960784312337637]
252
	252/2017-12-24 19.20.56.jpg	0	[0.31886584, 0.18956259, 0.5137255117297173]
	252/2017-12-24 19.21.11.jpg	1	[0.25046822, 0.21418689, 0.5450980626046658]
	252/2017-12-24 19.21.14.jpg	0	[0.23979118, 0.21620595, 0.549019630998373]
180
	180/img-2011-11-11-1711.jpg	1	[0.487764, 0.26541662, 0.7490196153521538]
	180/img-2011-11-11-1710-1.jpg	0	[0.48548713, 0.27351347, 0.7490196153521538]
	180/img-2011-11-11-1710.jpg	1	[0.43820363, 0.25183943, 0.6196078583598137]
223
	223/2017-02-04 13.28.59.jpg	1	[0.5243991, 0.27411357, 0.803921565413475]
	223/2017-02-04 13.28.52.jpg	0	[0.55040747, 0.26656765, 0.7803921550512314]
	223/2017-02-04 13.28.54.jpg	0	[0.54409456, 0.26735836, 0.7803921550512314]
346
	346/IMG_4841.JPG	0	[0.5545267, 0.18711163, 0.48235294222831726]
	346/IMG_4842.JPG	1	[0.5250451, 0.18678583, 0.47058823704719543]
255
	255/2017-08-27 15.18.03.jpg	0	[0.5532208, 0.29191583, 0.7725490182638168]
	255/2017-08-27 15.17.59.jpg	0	[0.5703617, 0.28935924, 0.7647058814764023]
	255/2017-08-27 15.17.53.jpg	1	[0.568523, 0.306981, 0.8117647022008896]
	255/2017-08-27 15.18.01.jpg	0	[0.5806947, 0.29603994, 0.7764705866575241]
300
	300/IMG_6062.JPG	1	[0.47329333, 0.24749142, 0.6784313768148422]
	300/IMG_6060.JPG	0	[0.41463184, 0.24775983, 0.6627451032400131]
262
	262/2019-01-20 15.36.08.jpg	1	[0.4909717, 0.2875228, 0.7960784360766411]
	262/2019-01-20 15.36.07.jpg	0	[0.5014974, 0.28344467, 0.780392162501812]
313
	313/IMG_6397.JPG	1	[0.41076583, 0.28373137, 0.7686274573206902]
	313/IMG_6399.JPG	0	[0.39453468, 0.2833727, 0.7647058889269829]
	313/IMG_6401.JPG	1	[0.39283794, 0.2823055, 0.7607843205332756]
272
	272/2019-05-26 17.30.13.jpg	1	[0.3884079, 0.27264106, 0.7725490257143974]
	272/2019-05-26 17.30.14.jpg	0	[0.3851846, 0.27084756, 0.7647058889269829]
	272/2019-05-26 17.30.15.jpg	0	[0.38016754, 0.26547033, 0.7450980469584465]
	272/2019-05-26 17.30.11_1.jpg	0	[0.38570026, 0.26984647, 0.7568627521395683]
	272/2019-05-26 17.30.11.jpg	0	[0.39058718, 0.26826447, 0.7490196153521538]
	272/2019-05-26 17.30.10.jpg	0	[0.39892432, 0.266688, 0.7411764785647392]
	272/2019-05-26 17.30.06.jpg	0	[0.4120794, 0.2654367, 0.7176470682024956]
248
	248/2017-07-30 09.13.09.jpg	0	[0.39527646, 0.26449284, 0.7215686365962029]
	248/2017-07-30 09.13.09_1.jpg	0	[0.40090218, 0.26321572, 0.7176470682024956]
	248/2017-07-30 09.13.13.jpg	1	[0.3942518, 0.2669078, 0.7215686365962029]
264
	264/2019-05-13 10.38.24_15.jpg	1	[0.53113353, 0.22435752, 0.6392156928777695]
	264/2019-05-13 10.38.24_13.jpg	0	[0.57910055, 0.24699396, 0.7019607871770859]
	264/2019-05-13 10.38.24_12.jpg	0	[0.55674696, 0.26025864, 0.7333333343267441]
	264/2019-05-13 10.38.24_14.jpg	0	[0.5721702, 0.20626429, 0.5490196049213409]
108
	108/img-2011-07-04-1406-2.JPG	1	[0.46522844, 0.363116, 0.9529411755502224]
	108/img-2011-07-04-1406-1.JPG	0	[0.455712, 0.36739862, 0.960784312337637]
	108/img-2011-07-04-1406.JPG	0	[0.42930958, 0.37314552, 0.960784312337637]
169
	169/img-2011-11-06-1205-5.JPG	1	[0.43445802, 0.2751416, 0.7647058889269829]
	169/img-2011-11-06-1205-3.JPG	0	[0.48495114, 0.27130482, 0.7450980469584465]
	169/img-2011-11-06-1205-4.JPG	0	[0.4729992, 0.2653355, 0.7215686365962029]
	169/img-2011-11-06-1205-2.JPG	1	[0.4181582, 0.28937656, 0.776470597833395]
	169/img-2011-11-06-1205-1.JPG	0	[0.41661176, 0.29329798, 0.7843137346208096]
	169/img-2011-11-06-1205.JPG	0	[0.43256694, 0.29834697, 0.7921568714082241]
178
	178/img-2011-11-08-1241-5.jpg	0	[0.57800853, 0.23929861, 0.6588235348463058]
	178/img-2011-11-08-1241-6.jpg	1	[0.5292295, 0.26043725, 0.7176470682024956]
256
	256/2018-02-22 11.15.44.jpg	1	[0.5919957, 0.2553144, 0.7490196079015732]
	256/2018-02-22 11.15.45.jpg	0	[0.5925226, 0.25834244, 0.7529411762952805]
	256/2018-02-22 11.15.42.jpg	0	[0.58514196, 0.23933473, 0.6941176354885101]
312
	312/IMG_6391.JPG	1	[0.5416463, 0.25377184, 0.7294117659330368]
	312/IMG_6392.JPG	0	[0.5228657, 0.26501852, 0.7450980395078659]
247
	247/2017-07-21 18.48.56.jpg	1	[0.4111009, 0.25773653, 0.7411764785647392]
	247/2017-07-21 18.48.54.jpg	0	[0.28135204, 0.25368887, 0.6627451162785292]
135
	135/img-2011-08-26-1040-1.JPG	0	[0.62569726, 0.21194814, 0.5725490152835846]
	135/img-2011-08-26-1040.JPG	1	[0.6230635, 0.18538988, 0.46666666865348816]
270
	270/2019-05-14 18.28.43.jpg	0	[0.59062, 0.23344435, 0.6078431308269501]
	270/2019-05-14 18.29.46.jpg	1	[0.63035524, 0.2242337, 0.5686274468898773]
	270/2019-05-14 18.28.59.jpg	1	[0.6646512, 0.23398447, 0.5843137204647064]
311
	311/IMG_6384.JPG	1	[0.6077943, 0.24104244, 0.690196081995964]
	311/IMG_6383.JPG	0	[0.59529996, 0.21434735, 0.5843137353658676]
325
	325/IMG_6655.JPG	0	[0.6026275, 0.22101532, 0.6039215624332428]
	325/IMG_6657.JPG	0	[0.5982096, 0.22259028, 0.6039215624332428]
	325/IMG_6656.JPG	1	[0.59759384, 0.22128764, 0.5999999940395355]
130
	130/img-2011-08-16-1426.JPG	0	[0.66012645, 0.20641157, 0.6235294044017792]
	130/img-2011-08-16-1427-2.JPG	0	[0.6995447, 0.20925263, 0.5764705836772919]
	130/img-2011-08-16-1427-3.JPG	0	[0.6385993, 0.20726581, 0.5607843101024628]
	130/img-2011-08-16-1427.JPG	1	[0.53864276, 0.24928948, 0.674509808421135]
	130/img-2011-08-16-1427-1.JPG	0	[0.6405343, 0.19943571, 0.5058823525905609]
146
	146/img-2011-10-20-1238.JPG	0	[0.48531976, 0.24453247, 0.6588235348463058]
	146/img-2011-10-20-1238-1.JPG	1	[0.46277347, 0.2440776, 0.6470588371157646]
383
	383/IMG_8088.JPG	0	[0.49536678, 0.29141375, 0.8745098039507866]
	383/IMG_8087.JPG	1	[0.5037807, 0.29052934, 0.8705882281064987]
105
	105/img-2011-07-01-1229.JPG	1	[0.5538556, 0.23020476, 0.6627451032400131]
	105/img-2011-07-01-1229-1.JPG	0	[0.57589054, 0.24881053, 0.717647060751915]
	105/img-2011-07-01-1228.JPG	0	[0.5411136, 0.22571366, 0.6431372612714767]
	105/img-2011-07-01-1229-2.JPG	0	[0.53700686, 0.21237168, 0.5882353037595749]
355
	355/IMG_0021.JPG	0	[0.28038973, 0.24776016, 0.5960784517228603]
	355/IMG_0011.JPG	1	[0.27127054, 0.24206, 0.5725490413606167]
	355/IMG_0018.JPG	0	[0.26701257, 0.23428415, 0.5450980626046658]
	355/IMG_0024.JPG	1	[0.25158665, 0.23616214, 0.5450980626046658]
	355/IMG_0006.JPG	1	[0.24273144, 0.22926575, 0.5215686522424221]
324
	324/IMG_6650.JPG	1	[0.5382298, 0.26661462, 0.760784313082695]
	324/IMG_6651.JPG	1	[0.53419715, 0.2562641, 0.7215686291456223]
	324/IMG_6649.JPG	1	[0.5180713, 0.2635207, 0.7333333343267441]
	324/IMG_6652.JPG	0	[0.5171661, 0.26728433, 0.7215686291456223]
155
	155/img-2011-10-24-2141-1.JPG	1	[0.30412853, 0.2744127, 0.7333333482965827]
	155/img-2011-10-24-2142.JPG	0	[0.25777987, 0.20982863, 0.5372549258172512]
	155/img-2011-10-24-2141-3.JPG	0	[0.30338076, 0.2274514, 0.5843137465417385]
	155/img-2011-10-24-2141-2.JPG	0	[0.30621538, 0.22924682, 0.5843137465417385]
	155/img-2011-10-24-2141.JPG	0	[0.36523068, 0.31368816, 0.82352942135185]
378
	378/IMG_5633.JPG	0	[0.61563194, 0.26970816, 0.7450980395078659]
	378/IMG_5632.JPG	0	[0.61579084, 0.2699488, 0.7411764711141586]
	378/IMG_5634.JPG	1	[0.64719707, 0.24664965, 0.6313725411891937]
267
	267/2019-05-13 10.38.24_70.jpg	0	[0.38687703, 0.1765494, 0.4588235467672348]
	267/2019-05-13 10.38.24_71.jpg	0	[0.391939, 0.17864315, 0.4627451151609421]
	267/2019-05-13 10.38.24_69.jpg	1	[0.37703705, 0.17115018, 0.43529413640499115]
364
	364/IMG_7549.JPG	0	[0.660189, 0.24319175, 0.6745097935199738]
	364/IMG_7550.JPG	1	[0.65902257, 0.24597907, 0.6823529303073883]
	364/IMG_7548.JPG	0	[0.58811307, 0.27917835, 0.7294117659330368]
186
	186/img-2011-12-12-2053-2.jpg	1	[0.41757497, 0.2583093, 0.6705882512032986]
	186/img-2011-12-12-2053-1.jpg	0	[0.408032, 0.25317755, 0.6549019776284695]
148
	148/img-2011-10-21-0956-1.JPG	0	[0.53234816, 0.19368568, 0.5254901945590973]
	148/img-2011-10-21-0957-1.JPG	1	[0.5925374, 0.19214782, 0.5019607841968536]
	148/img-2011-10-21-0957.JPG	0	[0.5921171, 0.19069284, 0.48235294222831726]
	148/img-2011-10-21-0956.JPG	0	[0.5506649, 0.21160819, 0.5294117778539658]
165
	165/img-2011-10-31-1021-2.JPG	1	[0.59618825, 0.21136685, 0.6117647141218185]
	165/img-2011-10-31-1020.JPG	0	[0.5344509, 0.2170602, 0.6235294193029404]
	165/img-2011-10-31-1020-1.JPG	1	[0.60941, 0.19919926, 0.5333333313465118]
	165/img-2011-10-31-1021.JPG	0	[0.5484196, 0.17224067, 0.42352941632270813]
	165/img-2011-10-31-1020-2.JPG	1	[0.56859034, 0.17773326, 0.43529412150382996]
	165/img-2011-10-31-1021-1.JPG	0	[0.6788123, 0.20865697, 0.49803921580314636]
218
	218/2017-01-15 10.21.56.jpg	1	[0.7253648, 0.2300993, 0.6156862676143646]
	218/2017-01-15 10.21.57.jpg	0	[0.71850634, 0.235264, 0.6274509727954865]
	218/2017-01-15 10.21.59.jpg	1	[0.7155413, 0.2374421, 0.6313725411891937]
	218/2017-01-15 10.22.00.jpg	1	[0.7114161, 0.23837735, 0.6313725411891937]
144
	144/img-2011-10-20-0047-2.JPG	0	[0.41844112, 0.26271018, 0.7137254998087883]
	144/img-2011-10-20-0047-1.JPG	1	[0.41820726, 0.26348254, 0.6980392262339592]
	144/img-2011-10-20-0047.JPG	0	[0.4793126, 0.29786673, 0.7333333417773247]
112
	112/img-2011-07-08-1236.JPG	1	[0.5220377, 0.26117727, 0.6941176503896713]
	112/img-2011-07-08-1236-1.JPG	0	[0.47231665, 0.28304043, 0.7333333417773247]
345
	345/IMG_4129.JPG	0	[0.5250158, 0.24478334, 0.6627451032400131]
	345/IMG_4128.JPG	1	[0.51010466, 0.25476104, 0.690196081995964]
	345/IMG_4127.JPG	1	[0.49070102, 0.27585927, 0.7019607871770859]
138
	138/img-2011-10-17-1531-4.jpg	1	[0.5414125, 0.309567, 0.8823529444634914]
	138/img-2011-10-17-1531-3.jpg	0	[0.5295874, 0.31117803, 0.8784313760697842]
	138/img-2011-10-17-1531.jpg	0	[0.44154683, 0.32192934, 0.8666666727513075]
	138/img-2011-10-17-1531-1.jpg	0	[0.46652377, 0.33070338, 0.8745098076760769]
	138/img-2011-10-17-1531-2.jpg	0	[0.50792354, 0.35806817, 0.9450980387628078]
213
	213/2016-12-23 15.17.52.jpg	1	[0.4737615, 0.2437173, 0.7254901975393295]
	213/2016-12-23 15.18.00.jpg	1	[0.4481046, 0.29104418, 0.8352941200137138]
	213/2016-12-23 15.18.18.jpg	0	[0.5617141, 0.27809143, 0.7999999970197678]
	213/2016-12-23 15.18.01.jpg	0	[0.48689586, 0.2926265, 0.8274509757757187]
	213/2016-12-23 15.18.08.jpg	0	[0.53678, 0.2857671, 0.8078431338071823]
	213/2016-12-23 15.18.12.jpg	0	[0.54018253, 0.30010542, 0.831372544169426]
	213/2016-12-23 15.18.14.jpg	0	[0.62114733, 0.28459397, 0.7803921550512314]
259
	259/2019-01-19 16.36.14.jpg	0	[0.49184743, 0.25623992, 0.690196081995964]
	259/2019-01-19 16.36.32.jpg	1	[0.4558677, 0.23356807, 0.6078431457281113]
	259/2019-01-19 16.36.19.jpg	0	[0.45916313, 0.25466228, 0.6588235348463058]
156
	156/img-2011-10-25-0029-3.JPG	0	[0.56785196, 0.26193887, 0.7921568602323532]
	156/img-2011-10-25-0029-1.JPG	1	[0.5821922, 0.2397867, 0.7254901975393295]
	156/img-2011-10-25-0029-2.JPG	0	[0.6453874, 0.2237225, 0.6274509727954865]
314
	314/IMG_6409.JPG	0	[0.57485497, 0.31602937, 0.8352941125631332]
	314/IMG_6408.JPG	1	[0.5847731, 0.3390302, 0.8823529407382011]
205
	205/2016-10-31 10.44.25.jpg	0	[0.44408473, 0.22329088, 0.6274509876966476]
	205/2016-10-31 10.44.53.jpg	1	[0.4735495, 0.21475811, 0.6000000089406967]
	205/2016-10-31 10.45.11.jpg	0	[0.4539811, 0.20734659, 0.5764705985784531]
	205/2016-10-31 10.44.06.jpg	0	[0.4207731, 0.22794735, 0.6352941319346428]
	205/2016-10-31 10.45.10.jpg	1	[0.4553843, 0.20935315, 0.5803921669721603]
	205/2016-10-31 10.45.12.jpg	0	[0.4527595, 0.20863962, 0.5764705985784531]
	205/2016-10-31 10.44.05.jpg	0	[0.42106003, 0.23318931, 0.6470588371157646]
	205/2016-10-31 10.44.23.jpg	0	[0.4212504, 0.21780813, 0.5960784405469894]
140
	140/img-2011-10-17-1535-1.jpg	1	[0.44232973, 0.30781525, 0.8627451024949551]
	140/img-2011-10-17-1535.jpg	0	[0.42408437, 0.30916056, 0.8509803991764784]
351
	351/IMG_4952.JPG	0	[0.42847598, 0.23082568, 0.6078431457281113]
	351/IMG_4951.JPG	0	[0.4795854, 0.26870918, 0.7098039239645004]
	351/IMG_4955.JPG	1	[0.4861126, 0.26044828, 0.674509808421135]
113
	113/img-2011-07-08-1243.JPG	0	[0.4950855, 0.26185057, 0.7333333343267441]
	113/img-2011-07-08-1243-1.JPG	1	[0.5157765, 0.23764543, 0.647058829665184]
382
	382/IMG_8075.JPG	1	[0.44973952, 0.30360603, 0.9137254878878593]
	382/IMG_8074.JPG	1	[0.43805146, 0.30187207, 0.9019607827067375]
	382/IMG_8078.JPG	0	[0.44365734, 0.3126082, 0.9098039194941521]
	382/IMG_8076.JPG	1	[0.46929088, 0.31447378, 0.9058823511004448]
	382/IMG_8077.JPG	0	[0.47340962, 0.31720343, 0.8980392143130302]
	382/IMG_8079.JPG	0	[0.48477176, 0.3181759, 0.8980392143130302]
	382/IMG_8080.JPG	0	[0.47479492, 0.31794485, 0.894117645919323]
	382/IMG_8082.JPG	0	[0.4730272, 0.32207862, 0.8980392143130302]
	382/IMG_8081.JPG	0	[0.4834945, 0.32089704, 0.894117645919323]
	382/IMG_8083.JPG	0	[0.39448515, 0.28821626, 0.7607843205332756]
356
	356/IMG_7121.JPG	0	[0.48818073, 0.32059142, 0.9176470562815666]
	356/IMG_7123.JPG	1	[0.49861893, 0.323689, 0.9176470562815666]
	356/IMG_7118.JPG	1	[0.49009395, 0.32431838, 0.9137254878878593]
	356/IMG_7122.JPG	0	[0.50482744, 0.3232298, 0.9098039194941521]
	356/IMG_7119.JPG	0	[0.49667203, 0.32362747, 0.9098039194941521]
368
	368/IMG_7825.JPG	1	[0.55536896, 0.25538176, 0.7411764711141586]
	368/IMG_7824.JPG	0	[0.53060526, 0.26346764, 0.7450980395078659]
160
	160/img-2011-10-27-0642.jpg	1	[0.25695238, 0.2961492, 0.7411764850839972]
	160/img-2011-10-27-0643.jpg	0	[0.30824333, 0.32206997, 0.8196078529581428]
133
	133/img-2011-08-17-1204-5.JPG	1	[0.54889196, 0.27774325, 0.7764705941081047]
	133/img-2011-08-17-1205.JPG	0	[0.6086614, 0.206041, 0.56470587849617]
304
	304/IMG_6142.JPG	1	[0.5816662, 0.23724468, 0.6392156779766083]
	304/IMG_6143.JPG	0	[0.5928092, 0.24109912, 0.6509803980588913]
231
	231/2017-08-17 07.12.58.jpg	1	[0.6027971, 0.24985988, 0.6862744987010956]
	231/2017-08-17 07.13.00.jpg	0	[0.5654787, 0.24303162, 0.6627451032400131]
	231/2017-08-17 07.13.00_1.jpg	0	[0.5340509, 0.23429857, 0.6274509876966476]
	231/2017-08-17 07.12.58_1.jpg	1	[0.6147949, 0.24573626, 0.6627450883388519]
153
	153/img-2011-10-24-1426.jpg	1	[0.45910072, 0.20804024, 0.5568627640604973]
	153/img-2011-10-24-1426-1.jpg	0	[0.38544247, 0.2280161, 0.5607843324542046]
384
	384/IMG_8596.JPG	0	[0.70608926, 0.31217387, 0.7333333194255829]
	384/IMG_8597.JPG	1	[0.7020775, 0.31430182, 0.7372548878192902]
	384/IMG_8594.JPG	0	[0.6984558, 0.31705117, 0.7450980246067047]
	384/IMG_8601.JPG	0	[0.69180614, 0.31782886, 0.7450980246067047]
	384/IMG_8593.JPG	1	[0.69925237, 0.31779343, 0.7450980246067047]
	384/IMG_8595.JPG	0	[0.6962921, 0.3206779, 0.7529411762952805]
	384/IMG_8598.JPG	0	[0.6906399, 0.31960887, 0.749019593000412]
	384/IMG_8602.JPG	0	[0.6889136, 0.32045728, 0.749019593000412]
	384/IMG_8599.JPG	0	[0.6877297, 0.3210967, 0.749019593000412]
	384/IMG_8600.JPG	0	[0.68041295, 0.3280278, 0.7686274498701096]
246
	246/2017-07-19 21.12.03.jpg	0	[0.520308, 0.27361032, 0.7647058814764023]
	246/2017-07-19 21.12.04.jpg	1	[0.5085144, 0.27126, 0.7568627446889877]
	246/2017-07-19 21.11.58.jpg	0	[0.51132333, 0.29927176, 0.823529414832592]
134
	134/img-2011-08-22-2104.JPG	1	[0.45768613, 0.23678596, 0.6313725635409355]
	134/img-2011-08-22-2103.JPG	0	[0.49082014, 0.25165716, 0.6705882400274277]
101
	101/img-2011-07-01-1103-1.JPG	0	[0.37268257, 0.19458061, 0.45098041743040085]
	101/img-2011-07-01-1103-3.JPG	1	[0.39063844, 0.19301292, 0.4274510070681572]
	101/img-2011-07-01-1103-5.JPG	0	[0.3841148, 0.19036672, 0.41568630188703537]
	101/img-2011-07-01-1103.JPG	0	[0.37207887, 0.21985084, 0.5019608065485954]
	101/img-2011-07-01-1103-2.JPG	0	[0.38713935, 0.21667577, 0.4745098277926445]
	101/img-2011-07-01-1103-4.JPG	0	[0.38866284, 0.21640727, 0.4705882593989372]
120
	120/img-2011-07-16-1748.JPG	1	[0.54326564, 0.32374725, 0.8705882355570793]
	120/img-2011-07-16-1747-4.JPG	0	[0.5383889, 0.32317156, 0.8509803935885429]
315
	315/IMG_6463.JPG	1	[0.5602341, 0.29502898, 0.8431372493505478]
	315/IMG_6461.JPG	0	[0.55714726, 0.29860508, 0.8509803861379623]
	315/IMG_6462.JPG	1	[0.57087994, 0.2978867, 0.8352941125631332]
275
	275/2019-06-06 17.57.57.jpg	0	[0.56484264, 0.15965232, 0.4313725531101227]
	275/2019-06-06 17.57.58.jpg	1	[0.48776537, 0.18128145, 0.48627451062202454]
369
	369/IMG_7868.JPG	0	[0.5506072, 0.28116012, 0.8196078389883041]
	369/IMG_7867.JPG	1	[0.47834858, 0.28804913, 0.7882352918386459]
	369/IMG_7869.JPG	0	[0.47222304, 0.27809653, 0.7450980395078659]
185
	185/img-2011-11-23-1727-2.JPG	1	[0.5031771, 0.252089, 0.7490196190774441]
	185/img-2011-11-23-1727-3.JPG	0	[0.52530384, 0.20316859, 0.5725490301847458]
302
	302/IMG_6120.JPG	0	[0.5446993, 0.24026765, 0.6823529452085495]
	302/IMG_6122.JPG	1	[0.54882455, 0.23938692, 0.6784313768148422]
	302/IMG_6121.JPG	0	[0.5335149, 0.24074498, 0.6784313768148422]
158
	158/img-2011-10-25-1259-1.jpg	1	[0.4758141, 0.2882561, 0.7450980469584465]
	158/img-2011-10-25-1259.jpg	0	[0.53695065, 0.31180575, 0.8000000044703484]
374
	374/IMG_5593.JPG	0	[0.3604648, 0.18449953, 0.4588235467672348]
	374/IMG_5592.JPG	1	[0.41740006, 0.19459933, 0.4431372731924057]
366
	366/IMG_7722.JPG	1	[0.48631588, 0.23891555, 0.6549019664525986]
	366/IMG_7720.JPG	0	[0.47165146, 0.24948196, 0.6823529452085495]
	366/IMG_7718.JPG	0	[0.436841, 0.22933981, 0.6196078509092331]
	366/IMG_7723.JPG	0	[0.45232117, 0.23476177, 0.6352941244840622]
	366/IMG_7719.JPG	0	[0.47550696, 0.24785651, 0.6705882400274277]
	366/IMG_7721.JPG	1	[0.42712492, 0.23519053, 0.6235294193029404]
167
	167/img-2011-11-04-1245-1.JPG	1	[0.43403408, 0.24165463, 0.6980392262339592]
	167/img-2011-11-04-1245.JPG	0	[0.44256973, 0.24400665, 0.7019607946276665]
249
	249/2017-08-10 11.10.49.jpg	1	[0.44125804, 0.1741429, 0.4588235318660736]
	249/2017-08-10 11.10.41.jpg	0	[0.57847273, 0.17870346, 0.47058823704719543]
100
	100/img-2011-07-01-0955-1.JPG	0	[0.5731577, 0.27944005, 0.8156862780451775]
	100/img-2011-07-01-0955.JPG	1	[0.6489286, 0.3046805, 0.8901960775256157]
122
	122/img-2011-07-24-1211.JPG	1	[0.5240786, 0.23693962, 0.6431372612714767]
	122/img-2011-07-24-1211-1.JPG	0	[0.52153796, 0.22683513, 0.6078431457281113]
363
	363/IMG_7538.JPG	0	[0.5739223, 0.26850963, 0.717647060751915]
	363/IMG_7540.JPG	1	[0.5846308, 0.27599922, 0.7372549027204514]
	363/IMG_7536.JPG	0	[0.56016845, 0.28370163, 0.7568627446889877]
253
	253/2018-04-21 19.53.23.jpg	0	[0.43317088, 0.23153363, 0.6313725635409355]
	253/2018-04-21 19.53.28.jpg	0	[0.3658397, 0.24006039, 0.6274509951472282]
	253/2018-04-21 19.53.26.jpg	1	[0.37189746, 0.24100581, 0.6274509951472282]
	253/2018-04-21 19.53.18.jpg	0	[0.29066175, 0.17302935, 0.4117647334933281]
343
	343/IMG_0159.JPG	0	[0.54016554, 0.27941704, 0.7843137234449387]
	343/IMG_0158.JPG	0	[0.5343031, 0.26698422, 0.7450980395078659]
	343/IMG_0161.JPG	1	[0.5290255, 0.2620503, 0.7294117659330368]
308
	308/IMG_6268.JPG	0	[0.5030267, 0.268609, 0.7411764711141586]
	308/IMG_6269.JPG	1	[0.49296138, 0.27030444, 0.7411764711141586]
	308/IMG_6267.JPG	1	[0.50483537, 0.26933956, 0.7372549027204514]
103
	103/img-2011-07-01-1126-3.JPG	0	[0.63495827, 0.23089482, 0.6470588147640228]
	103/img-2011-07-01-1126.JPG	0	[0.5559785, 0.22199123, 0.6156862676143646]
	103/img-2011-07-01-1126-2.JPG	1	[0.5611518, 0.22095358, 0.6117646992206573]
	103/img-2011-07-01-1126-5.JPG	1	[0.5611506, 0.22095017, 0.6117646992206573]
	103/img-2011-07-01-1126-1.JPG	0	[0.6421615, 0.22859862, 0.6313725411891937]
	103/img-2011-07-01-1127.JPG	0	[0.6192766, 0.24970827, 0.6705882251262665]
	103/img-2011-07-01-1127-1.JPG	0	[0.5920152, 0.24699494, 0.6313725560903549]
370
	370/IMG_7883.JPG	0	[0.50605404, 0.2767233, 0.803921565413475]
	370/IMG_7882.JPG	0	[0.5310611, 0.28959203, 0.8392156809568405]
	370/IMG_7884.JPG	1	[0.51558757, 0.31014395, 0.894117645919323]
	370/IMG_7881.JPG	0	[0.4845627, 0.27366206, 0.7764705941081047]
200
	200/2016-09-17 15.24.05.jpg	0	[0.60356337, 0.19621077, 0.5529411733150482]
	200/2016-09-17 15.24.06.jpg	0	[0.5728311, 0.20666468, 0.5764705836772919]
	200/2016-09-17 15.24.09.jpg	1	[0.6091045, 0.19790144, 0.5411764681339264]
	200/2016-09-17 15.23.56.jpg	0	[0.571438, 0.20696254, 0.5529411733150482]
	200/2016-09-17 15.23.47.jpg	1	[0.58706814, 0.21599814, 0.5725490152835846]
	200/2016-09-17 15.24.04.jpg	0	[0.6973716, 0.17814966, 0.4470588266849518]
362
	362/IMG_7494.JPG	0	[0.44811764, 0.28427497, 0.8039215728640556]
	362/IMG_7497.JPG	0	[0.43520153, 0.2776277, 0.7764705941081047]
	362/IMG_7498.JPG	0	[0.42474437, 0.2724685, 0.7568627521395683]
	362/IMG_7495.JPG	0	[0.43863854, 0.27755034, 0.7647058889269829]
	362/IMG_7496.JPG	1	[0.42116463, 0.27332366, 0.7490196153521538]
260
	260/2019-01-19 16.42.17.jpg	0	[0.636635, 0.28128392, 0.7647058814764023]
	260/2019-01-19 16.42.07.jpg	1	[0.63819116, 0.2922126, 0.7882352918386459]
163
	163/img-2011-10-27-1333-1.jpg	0	[0.49758896, 0.2683607, 0.717647060751915]
	163/img-2011-10-27-1333.jpg	1	[0.56257755, 0.26626915, 0.7137254923582077]
265
	265/2019-05-13 10.38.24_34.jpg	0	[0.453492, 0.26027206, 0.717647060751915]
	265/2019-05-13 10.38.24_35.jpg	1	[0.48207814, 0.26440522, 0.7294117659330368]
162
	162/img-2011-10-27-1232-2.jpg	1	[0.45263338, 0.34045637, 0.9137254878878593]
	162/img-2011-10-27-1232-3.jpg	1	[0.4835912, 0.3403631, 0.9019607827067375]
	162/img-2011-10-27-1232.jpg	0	[0.39575008, 0.3990393, 0.9764705887064338]
	162/img-2011-10-27-1232-1.jpg	0	[0.41150635, 0.3982407, 0.9686274509876966]
107
	107/img-2011-07-01-1633-1.JPG	0	[0.480979, 0.2773499, 0.733333345502615]
	107/img-2011-07-01-1633.JPG	0	[0.5177643, 0.27124095, 0.709803931415081]
	107/img-2011-07-01-1631-2.JPG	0	[0.55634856, 0.26358598, 0.6705882400274277]
	107/img-2011-07-01-1633-2.JPG	0	[0.46701917, 0.28017178, 0.7137254998087883]
	107/img-2011-07-01-1631.JPG	0	[0.48124614, 0.28733587, 0.7294117733836174]
	107/img-2011-07-01-1630.JPG	0	[0.446965, 0.3046011, 0.7568627558648586]
	107/img-2011-07-01-1631-1.JPG	0	[0.43099323, 0.2957367, 0.7294117771089077]
	107/img-2011-07-01-1630-1.JPG	0	[0.5338098, 0.30443946, 0.7568627521395683]
	107/img-2011-07-01-1633-3.JPG	1	[0.5186384, 0.32121345, 0.7450980469584465]
143
	143/img-2011-10-19-1350-1.JPG	1	[0.48547876, 0.26197988, 0.6941176578402519]
	143/img-2011-10-19-1350.JPG	0	[0.48737574, 0.26128408, 0.6862745210528374]
	143/img-2011-10-19-1349-1.JPG	0	[0.41783345, 0.25346696, 0.6549019739031792]
	143/img-2011-10-19-1349.JPG	0	[0.42171204, 0.25197148, 0.6470588371157646]
219
	219/2017-01-28 20.16.19.jpg	0	[0.47970274, 0.2771352, 0.8235294073820114]
	219/2017-01-28 20.16.20.jpg	0	[0.4850547, 0.2870747, 0.8392156809568405]
	219/2017-01-28 20.16.10.jpg	0	[0.45548406, 0.30129433, 0.866666667163372]
	219/2017-01-28 20.16.09.jpg	0	[0.45396048, 0.30789334, 0.8745098039507866]
	219/2017-01-28 20.16.22.jpg	1	[0.55487704, 0.28422406, 0.7999999970197678]
	219/2017-01-28 20.16.21.jpg	1	[0.5812296, 0.29368567, 0.7999999970197678]
243
	243/IMG_20190330_181318.jpg	1	[0.45185426, 0.27483547, 0.7686274573206902]
	243/IMG_20190330_181241.jpg	0	[0.47297508, 0.28094915, 0.7764705941081047]
	243/IMG_20190330_181238.jpg	0	[0.45587578, 0.2842649, 0.7843137308955193]
	243/IMG_20190330_181301.jpg	0	[0.47378185, 0.2778219, 0.7647058889269829]
	243/IMG_20190330_181312.jpg	0	[0.47273114, 0.27920097, 0.7686274573206902]
	243/IMG_20190330_181306.jpg	1	[0.4783477, 0.27936047, 0.7686274573206902]
	243/IMG_20190330_181236.jpg	0	[0.45692077, 0.29285285, 0.7960784360766411]
	243/IMG_20190330_181235.jpg	1	[0.455107, 0.2917364, 0.7921568676829338]
	243/IMG_20190330_181234.jpg	1	[0.4683246, 0.2965225, 0.8039215728640556]
	243/IMG_20190330_181235(1).jpg	0	[0.49173602, 0.28053895, 0.752941183745861]
373
	373/IMG_5567.JPG	0	[0.5812421, 0.28463808, 0.7568627446889877]
	373/IMG_5568.JPG	1	[0.58570564, 0.28479093, 0.7568627446889877]
	373/IMG_5566.JPG	1	[0.58479536, 0.28777283, 0.7568627446889877]
360
	360/IMG_7401.JPG	1	[0.46638167, 0.3050108, 0.8549019619822502]
	360/IMG_7403.JPG	0	[0.47361782, 0.29133445, 0.8117647022008896]
273
	273/2019-05-26 17.30.36.jpg	0	[0.3775686, 0.24741462, 0.7019607946276665]
	273/2019-05-26 17.30.37.jpg	1	[0.37715566, 0.24761118, 0.7019607946276665]
	273/2019-05-26 17.30.34.jpg	0	[0.37656334, 0.24561422, 0.6941176578402519]
172
	172/img-2011-11-06-1207.JPG	0	[0.41463876, 0.27740788, 0.7725490257143974]
	172/img-2011-11-06-1207-2.JPG	1	[0.3934398, 0.27782333, 0.7529411874711514]
	172/img-2011-11-06-1207-1.JPG	0	[0.4183905, 0.29394886, 0.7960784398019314]
228
	228/2017-04-28 14.20.47.jpg	1	[0.47561735, 0.21966653, 0.5843137353658676]
	228/2017-04-28 14.20.49.jpg	0	[0.4753523, 0.21109341, 0.5490196198225021]
	228/2017-04-28 14.20.44_1.jpg	0	[0.4991534, 0.21237132, 0.5529411882162094]
	228/2017-04-28 14.20.48.jpg	0	[0.4683827, 0.21364999, 0.5411764830350876]
	228/2017-04-28 14.20.46.jpg	1	[0.46187258, 0.2204891, 0.560784325003624]
	228/2017-04-28 14.20.39.jpg	0	[0.47211614, 0.21382178, 0.5294117778539658]
250
	250/2017-08-31 19.42.50.jpg	0	[0.40390372, 0.2387588, 0.6509804055094719]
	250/2017-08-31 19.42.51.jpg	1	[0.3724181, 0.23507783, 0.6313725635409355]
251
	251/2017-11-26 15.00.23.jpg	0	[0.5496984, 0.29057512, 0.823529414832592]
	251/2017-11-26 15.00.31.jpg	0	[0.519144, 0.28480983, 0.8000000044703484]
	251/2017-11-26 15.00.30.jpg	1	[0.48569727, 0.2898478, 0.8039215728640556]
	251/2017-11-26 15.00.20.jpg	0	[0.48841205, 0.28881994, 0.7960784360766411]
	251/2017-11-26 15.00.36.jpg	0	[0.48751745, 0.3058013, 0.8313725516200066]
125
	125/img-2011-07-24-1343-1.JPG	1	[0.44725376, 0.32402596, 0.8352941200137138]
	125/img-2011-07-24-1343.JPG	0	[0.45521328, 0.33099508, 0.8431372568011284]
170
	170/img-2011-11-06-1205-6.JPG	0	[0.44230342, 0.2730474, 0.7490196153521538]
	170/img-2011-11-06-1206-1.JPG	1	[0.4063115, 0.2950069, 0.8117647133767605]
	170/img-2011-11-06-1205-7.JPG	0	[0.46443352, 0.2849003, 0.7764705941081047]
328
	328/IMG_6694.JPG	1	[0.5295706, 0.291516, 0.823529414832592]
	328/IMG_6693.JPG	1	[0.50292295, 0.27505708, 0.7490196079015732]
	328/IMG_6692.JPG	0	[0.5180632, 0.25691867, 0.6941176503896713]
271
	271/2019-05-16 20.47.29.jpg	1	[0.42437226, 0.28958532, 0.7764705941081047]
	271/2019-05-16 20.47.28.jpg	0	[0.41446558, 0.28903335, 0.7725490257143974]
	271/2019-05-16 20.47.30.jpg	1	[0.42384925, 0.29038462, 0.7764705941081047]
	271/2019-05-16 20.47.26.jpg	0	[0.41434294, 0.28503016, 0.7568627521395683]
372
	372/IMG_7992.JPG	0	[0.512544, 0.25310284, 0.690196081995964]
	372/IMG_7991.JPG	1	[0.49637058, 0.2512076, 0.6823529452085495]
	372/IMG_7993.JPG	0	[0.50105065, 0.25045758, 0.6705882400274277]
245
	245/IMG_20190511_111651.jpg	0	[0.51992273, 0.29269677, 0.7882352992892265]
	245/IMG_20190511_111650.jpg	0	[0.51180816, 0.28887054, 0.7764705941081047]
	245/IMG_20190511_111714.jpg	0	[0.46088392, 0.28520337, 0.7411764785647392]
	245/IMG_20190511_111727.jpg	0	[0.46774572, 0.29494646, 0.7686274573206902]
	245/IMG_20190511_111712.jpg	1	[0.48423564, 0.2987688, 0.7764705941081047]
	245/IMG_20190511_111729.jpg	1	[0.46546456, 0.2985714, 0.7686274573206902]
	245/IMG_20190511_111728.jpg	0	[0.4651427, 0.29641256, 0.7607843205332756]
233
	233/201_Good.jpg	1	[0.4699576, 0.2913986, 0.7960784360766411]
	233/202_Bad.jpg	0	[0.50146246, 0.2794222, 0.7411764711141586]
119
	119/img-2011-07-16-1747-3.JPG	1	[0.63210505, 0.28484675, 0.7921568602323532]
	119/img-2011-07-16-1747-2.JPG	0	[0.5140271, 0.31223187, 0.8039215728640556]
215
	215/2017-01-02 10.11.45.jpg	0	[0.6404884, 0.2416237, 0.6980392187833786]
	215/2017-01-02 10.11.51.jpg	1	[0.5967726, 0.2164618, 0.6156862825155258]
	215/2017-01-02 10.11.48.jpg	0	[0.6036235, 0.24330316, 0.6823529452085495]
	215/2017-01-02 10.11.57.jpg	1	[0.564162, 0.19022398, 0.5098039209842682]
	215/2017-01-02 10.11.55.jpg	0	[0.5438652, 0.19583677, 0.52156862616539]
139
	139/img-2011-10-17-1533-1.jpg	1	[0.4419715, 0.24477434, 0.6823529526591301]
	139/img-2011-10-17-1533.jpg	0	[0.43992764, 0.23727861, 0.6470588371157646]
106
	106/img-2011-07-01-1629-1.JPG	1	[0.5641554, 0.21402209, 0.6235294193029404]
	106/img-2011-07-01-1629-3.JPG	0	[0.5994283, 0.15463984, 0.3764705955982208]
	106/img-2011-07-01-1629.JPG	0	[0.48600638, 0.28164113, 0.7372549138963223]
	106/img-2011-07-01-1629-2.JPG	0	[0.59652567, 0.17159264, 0.3843137323856354]
269
	269/2019-05-13 10.38.44_63.jpg	1	[0.53278023, 0.24313414, 0.7019607871770859]
	269/2019-05-13 10.38.44_62.jpg	0	[0.52252465, 0.24702236, 0.7058823555707932]
	269/2019-05-13 10.38.44_61.jpg	0	[0.5279218, 0.24614044, 0.7019607871770859]
332
	332/IMG_6819.JPG	0	[0.4155209, 0.28080717, 0.752941183745861]
	332/IMG_6820.JPG	1	[0.41121298, 0.27759838, 0.7333333417773247]
	332/IMG_6818.JPG	0	[0.44132537, 0.2895112, 0.7647058889269829]
232
	232/101_Bad.jpg	0	[0.59210914, 0.2604166, 0.7568627446889877]
	232/104_Good.jpg	0	[0.5954158, 0.27965593, 0.7999999970197678]
	232/102_Good.jpg	1	[0.5648996, 0.27173954, 0.760784313082695]
	232/103_Bad.jpg	1	[0.5808613, 0.29250202, 0.7882352918386459]
118
	118/img-2011-07-16-1747-1.JPG	1	[0.5976574, 0.25550652, 0.7215686291456223]
	118/img-2011-07-16-1747.JPG	0	[0.613755, 0.26765722, 0.7529411762952805]
331
	331/IMG_6816.JPG	0	[0.43436798, 0.27600527, 0.7647058889269829]
	331/IMG_6817.JPG	1	[0.43693906, 0.28660434, 0.7960784360766411]
174
	174/img-2011-11-06-1237-2.JPG	0	[0.4777849, 0.27202478, 0.752941183745861]
	174/img-2011-11-06-1237-3.JPG	1	[0.46790352, 0.26771277, 0.7333333417773247]
	174/img-2011-11-06-1237-4.JPG	1	[0.4679616, 0.26772672, 0.7333333417773247]
	174/img-2011-11-06-1237-6.JPG	0	[0.4302218, 0.27048212, 0.7372549138963223]
	174/img-2011-11-06-1237-5.JPG	0	[0.48410055, 0.28043827, 0.7686274573206902]
	174/img-2011-11-06-1237-7.JPG	0	[0.4142504, 0.26778266, 0.7254902087152004]
	174/img-2011-11-06-1237-8.JPG	0	[0.4959304, 0.29029542, 0.7921568714082241]
